温度历史数据					
时间	温度0	温度1	温度2	温度3	温度4
10:03:16	409.7	398	46.6	-270.1	-270.1
10:03:17	409.7	398	46.6	-270.1	-270.1
10:03:18	409.7	398	46.6	-270.1	-270.1
10:03:19	409.7	398.1	46.6	-270.1	-270.1
10:03:20	409.7	398.1	46.5	-270.1	-270.1
10:03:21	409.7	398.1	46.5	-270.1	-270.1
10:03:22	409.7	398.1	46.5	-270.1	-270.1
10:03:23	409.7	398.1	46.5	-270.1	-270.1
10:03:24	409.7	398.1	46.4	-270.1	-270.1
10:03:25	409.7	398.2	46.5	-270.1	-270.1
10:03:26	409.7	398.2	46.5	-270.1	-270.1
10:03:27	409.7	398.3	46.5	-270.1	-270.1
10:03:28	409.7	398.3	46.5	-270.1	-270.1
10:03:29	409.7	398.3	46.5	-270.1	-270.1
10:03:30	409.7	398.3	46.6	-270.1	-270.1
10:03:31	409.7	398.3	46.7	-270.1	-270.1
10:03:32	409.7	398.4	46.7	-270.1	-270.1
10:03:33	409.7	398.5	46.8	-270.1	-270.1
10:03:34	409.7	398.5	46.8	-270.1	-270.1
10:03:35	409.7	398.5	46.7	-270.1	-270.1
10:03:36	409.7	398.5	46.8	-270.1	-270.1
10:03:37	409.7	398.6	46.8	-270.1	-270.1
10:03:38	409.7	398.6	46.9	-270.1	-270.1
10:03:39	409.7	398.6	46.9	-270.1	-270.1
10:03:40	409.7	398.7	46.9	-270.1	-270.1
10:03:41	409.7	398.6	46.8	-270.1	-270.1
10:03:42	409.7	398.7	46.8	-270.1	-270.1
10:03:43	409.7	398.7	46.8	-270.1	-270.1
10:03:44	409.7	398.7	46.8	-270.1	-270.1
10:03:45	409.7	398.7	46.8	-270.1	-270.1
10:03:46	409.7	398.8	46.8	-270.1	-270.1
10:03:47	409.7	398.8	46.7	-270.1	-270.1
10:03:48	409.7	398.8	46.7	-270.1	-270.1
10:03:49	409.7	398.9	46.7	-270.1	-270.1
10:03:50	409.7	398.9	46.7	-270.1	-270.1
10:03:51	409.7	398.9	46.7	-270.1	-270.1
10:03:52	409.7	399	46.8	-270.1	-270.1
10:03:53	409.7	399	46.8	-270.1	-270.1
10:03:54	409.7	399	46.9	-270.1	-270.1
10:03:55	409.7	399	46.9	-270.1	-270.1
10:03:56	409.7	399	46.9	-270.1	-270.1
10:03:57	409.7	399.1	46.9	-270.1	-270.1
10:03:58	409.7	399.1	46.9	-270.1	-270.1
10:03:59	409.7	399.1	47	-270.1	-270.1
10:04:00	409.7	399.1	46.9	-270.1	-270.1
10:04:01	409.7	399.2	47	-270.1	-270.1
10:04:02	409.7	399.2	47	-270.1	-270.1
10:04:03	409.7	399.2	47.1	-270.1	-270.1
10:04:04	409.7	399.2	47.1	-270.1	-270.1
10:04:05	409.7	399.3	47.1	-270.1	-270.1
10:04:06	409.7	399.3	47.1	-270.1	-270.1
10:04:07	409.7	399.3	47	-270.1	-270.1
10:04:08	409.7	399.3	47	-270.1	-270.1
10:04:09	409.7	399.4	47	-270.1	-270.1
10:04:10	409.7	399.4	47	-270.1	-270.1
10:04:11	409.7	399.4	46.9	-270.1	-270.1
10:04:12	409.7	399.4	46.9	-270.1	-270.1
10:04:13	409.7	399.4	46.9	-270.1	-270.1
10:04:14	409.7	399.5	46.8	-270.1	-270.1
10:04:15	409.7	399.5	46.8	-270.1	-270.1
10:04:16	409.7	399.5	46.7	-270.1	-270.1
10:04:17	409.7	399.5	46.7	-270.1	-270.1
10:04:18	409.7	399.6	46.7	-270.1	-270.1
10:04:19	409.7	399.6	46.7	-270.1	-270.1
10:04:20	409.8	399.6	46.6	-270.1	-270.1
10:04:21	409.8	399.6	46.7	-270.1	-270.1
10:04:22	409.8	399.7	46.7	-270.1	-270.1
10:04:23	409.8	399.7	46.7	-270.1	-270.1
10:04:24	409.8	399.7	46.8	-270.1	-270.1
10:04:25	409.8	399.7	46.8	-270.1	-270.1
10:04:26	409.8	399.8	46.8	-270.1	-270.1
10:04:27	409.8	399.8	46.9	-270.1	-270.1
10:04:28	409.8	399.8	47	-270.1	-270.1
10:04:29	409.8	399.8	47	-270.1	-270.1
10:04:30	409.8	399.9	47	-270.1	-270.1
10:04:31	409.9	399.9	47.1	-270.1	-270.1
10:04:32	409.9	399.9	47.1	-270.1	-270.1
10:04:33	409.9	400	47.1	-270.1	-270.1
10:04:34	409.9	400	47.1	-270.1	-270.1
10:04:35	409.9	400	47.1	-270.1	-270.1
10:04:36	409.9	400	47.1	-270.1	-270.1
10:04:37	409.9	400.1	47.2	-270.1	-270.1
10:04:38	409.9	400.1	47.3	-270.1	-270.1
10:04:39	409.9	400.1	47.3	-270.1	-270.1
10:04:40	409.9	400.1	47.3	-270.1	-270.1
10:04:41	409.9	400.1	47.3	-270.1	-270.1
10:04:42	409.9	400.2	47.3	-270.1	-270.1
10:04:43	409.9	400.2	47.4	-270.1	-270.1
10:04:44	409.9	400.2	47.4	-270.1	-270.1
10:04:45	409.9	400.2	47.4	-270.1	-270.1
10:04:46	409.9	400.3	47.4	-270.1	-270.1
10:04:47	409.9	400.3	47.5	-270.1	-270.1
10:04:48	409.9	400.3	47.5	-270.1	-270.1
10:04:49	409.9	400.3	47.5	-270.1	-270.1
10:04:50	409.9	400.3	47.5	-270.1	-270.1
10:04:51	409.9	400.4	47.5	-270.1	-270.1
10:04:52	409.9	400.4	47.5	-270.1	-270.1
10:04:53	409.9	400.4	47.5	-270.1	-270.1
10:04:54	409.9	400.4	47.4	-270.1	-270.1
10:04:55	409.9	400.5	47.4	-270.1	-270.1
10:04:56	409.9	400.5	47.5	-270.1	-270.1
10:04:57	409.9	400.5	47.5	-270.1	-270.1
10:04:58	409.9	400.6	47.5	-270.1	-270.1
10:04:59	409.9	400.6	47.5	-270.1	-270.1
10:05:00	409.9	400.6	47.5	-270.1	-270.1
10:05:01	409.9	400.6	47.5	-270.1	-270.1
10:05:02	409.9	400.6	47.5	-270.1	-270.1
10:05:03	409.9	400.6	47.6	-270.1	-270.1
10:05:04	409.9	400.7	47.6	-270.1	-270.1
10:05:05	409.9	400.7	47.6	-270.1	-270.1
10:05:06	409.9	400.7	47.7	-270.1	-270.1
10:05:07	409.9	400.7	47.7	-270.1	-270.1
10:05:08	409.9	400.8	47.7	-270.1	-270.1
10:05:09	409.9	400.8	47.7	-270.1	-270.1
10:05:10	409.9	400.8	47.7	-270.1	-270.1
10:05:11	409.9	400.9	47.6	-270.1	-270.1
10:05:12	409.9	400.9	47.7	-270.1	-270.1
10:05:13	409.9	400.9	47.8	-270.1	-270.1
10:05:14	409.9	400.9	47.8	-270.1	-270.1
10:05:15	409.9	400.9	47.7	-270.1	-270.1
10:05:16	409.9	401	47.7	-270.1	-270.1
10:05:17	409.9	401	47.8	-270.1	-270.1
10:05:18	410	401.1	47.7	-270.1	-270.1
10:05:19	409.9	401.1	47.7	-270.1	-270.1
10:05:20	409.9	401.1	47.6	-270.1	-270.1
10:05:21	409.9	401.1	47.6	-270.1	-270.1
10:05:22	410	401.1	47.5	-270.1	-270.1
10:05:23	410	401.2	47.6	-270.1	-270.1
10:05:24	410	401.2	47.6	-270.1	-270.1
10:05:25	410	401.2	47.6	-270.1	-270.1
10:05:26	410	401.2	47.6	-270.1	-270.1
10:05:27	410	401.3	47.6	-270.1	-270.1
10:05:28	409.9	401.3	47.7	-270.1	-270.1
10:05:29	409.9	401.3	47.7	-270.1	-270.1
10:05:30	410	401.3	47.8	-270.1	-270.1
10:05:31	410	401.4	47.8	-270.1	-270.1
10:05:32	410	401.4	47.8	-270.1	-270.1
10:05:33	410	401.4	47.9	-270.1	-270.1
10:05:34	410	401.5	47.9	-270.1	-270.1
10:05:35	410	401.4	47.9	-270.1	-270.1
10:05:36	410	401.5	48	-270.1	-270.1
10:05:37	410	401.5	48.1	-270.1	-270.1
10:05:38	410	401.6	48.2	-270.1	-270.1
10:05:39	410	401.6	48.2	-270.1	-270.1
10:05:40	410	401.6	48.3	-270.1	-270.1
10:05:41	410	401.6	48.3	-270.1	-270.1
10:05:42	410	401.7	48.3	-270.1	-270.1
10:05:43	410	401.7	48.4	-270.1	-270.1
10:05:44	410	401.7	48.4	-270.1	-270.1
10:05:45	410	401.7	48.4	-270.1	-270.1
10:05:46	409.9	401.7	48.4	-270.1	-270.1
10:05:47	410	401.8	48.5	-270.1	-270.1
10:05:48	410	401.8	48.5	-270.1	-270.1
10:05:49	410	401.9	48.5	-270.1	-270.1
10:05:50	410	401.9	48.4	-270.1	-270.1
10:05:51	410	401.9	48.3	-270.1	-270.1
10:05:52	410	401.9	48.2	-270.1	-270.1
10:05:53	410	402	48.3	-270.1	-270.1
10:05:54	410	402	48.2	-270.1	-270.1
10:05:55	410	402	48.2	-270.1	-270.1
10:05:56	410	402	48.2	-270.1	-270.1
10:05:57	410	402	48.2	-270.1	-270.1
10:05:58	410	402.1	48.2	-270.1	-270.1
10:05:59	410	402.2	48.2	-270.1	-270.1
10:06:00	410	402.2	48.2	-270.1	-270.1
10:06:01	410	402.2	48.2	-270.1	-270.1
10:06:02	410	402.3	48.1	-270.1	-270.1
10:06:03	410.1	402.3	48.2	-270.1	-270.1
10:06:04	410.1	402.3	48.3	-270.1	-270.1
10:06:05	410.1	402.3	48.4	-270.1	-270.1
10:06:06	410.1	402.4	48.3	-270.1	-270.1
10:06:07	410.1	402.4	48.1	-270.1	-270.1
10:06:08	410.1	402.4	47.9	-270.1	-270.1
10:06:09	410.1	402.4	47.6	-270.1	-270.1
10:06:10	410.1	402.5	47.4	-270.1	-270.1
10:06:11	410.1	402.5	47.2	-270.1	-270.1
10:06:12	410.1	402.5	47.1	-270.1	-270.1
10:06:13	410.1	402.6	47.1	-270.1	-270.1
10:06:14	410.1	402.6	46.9	-270.1	-270.1
10:06:15	410.1	402.6	46.8	-270.1	-270.1
10:06:16	410.1	402.7	46.7	-270.1	-270.1
10:06:17	410.1	402.7	46.5	-270.1	-270.1
10:06:18	410.1	402.7	46.4	-270.1	-270.1
10:06:19	410.1	402.7	46.3	-270.1	-270.1
10:06:20	410.1	402.8	46.2	-270.1	-270.1
10:06:21	410.1	402.8	46	-270.1	-270.1
10:06:22	410.1	402.8	45.8	-270.1	-270.1
10:06:23	410.1	402.8	45.8	-270.1	-270.1
10:06:24	410.1	402.9	45.8	-270.1	-270.1
10:06:25	410.1	402.9	45.9	-270.1	-270.1
10:06:26	410.1	402.9	46	-270.1	-270.1
10:06:27	410.1	402.9	46	-270.1	-270.1
10:06:28	410.1	403	46.1	-270.1	-270.1
10:06:29	410.1	403	46.1	-270.1	-270.1
10:06:30	410.1	403	46.1	-270.1	-270.1
10:06:31	410.1	403.1	46.1	-270.1	-270.1
10:06:32	410.1	403.1	46.1	-270.1	-270.1
10:06:33	410.1	403.1	46.1	-270.1	-270.1
10:06:34	410.1	403.1	46.1	-270.1	-270.1
10:06:35	410.1	403.2	46.1	-270.1	-270.1
10:06:36	410.1	403.2	46.1	-270.1	-270.1
10:06:37	410.1	403.2	46.1	-270.1	-270.1
10:06:38	410.1	403.3	46.1	-270.1	-270.1
10:06:39	410.1	403.3	46.1	-270.1	-270.1
10:06:40	410.1	403.3	46.2	-270.1	-270.1
10:06:41	410.1	403.4	46.3	-270.1	-270.1
10:06:42	410.2	403.4	46.4	-270.1	-270.1
10:06:43	410.1	403.4	46.6	-270.1	-270.1
10:06:44	410.2	403.4	46.9	-270.1	-270.1
10:06:45	410.2	403.5	47.4	-270.1	-270.1
10:06:46	410.2	403.6	48	-270.1	-270.1
10:06:47	410.3	403.6	48.6	-270.1	-270.1
10:06:48	410.3	403.6	49.1	-270.1	-270.1
10:06:49	410.3	403.7	49.5	-270.1	-270.1
10:06:50	410.3	403.7	50	-270.1	-270.1
10:06:51	410.3	403.7	50.7	-270.1	-270.1
10:06:52	410.3	403.7	51.9	-270.1	-270.1
10:06:53	410.3	403.8	53	-270.1	-270.1
10:06:54	410.3	403.8	54.4	-270.1	-270.1
10:06:55	410.4	403.8	55.9	-270.1	-270.1
10:06:56	410.4	403.9	58	-270.1	-270.1
10:06:57	410.4	403.9	60.5	-270.1	-270.1
10:06:58	410.4	403.9	63.5	-270.1	-270.1
10:06:59	410.4	403.9	66.9	-270.1	-270.1
10:07:00	410.4	404	70.6	-270.1	-270.1
10:07:01	410.4	404	74.6	-270.1	-270.1
10:07:02	410.4	404	78.9	-270.1	-270.1
10:07:03	410.4	404.1	83.5	-270.1	-270.1
10:07:04	410.4	404.1	88.5	-270.1	-270.1
10:07:05	410.3	404.1	93.7	-270.1	-270.1
10:07:06	410.3	404.1	99.1	-270.1	-270.1
10:07:07	410.3	404.2	104.6	-270.1	-270.1
10:07:08	410.3	404.2	110.1	-270.1	-270.1
10:07:09	410.3	404.3	115.5	-270.1	-270.1
10:07:10	410.3	404.3	120.8	-270.1	-270.1
10:07:11	410.2	404.2	125.7	-270.1	-270.1
10:07:12	410.1	404.3	130.5	-270.1	-270.1
10:07:13	410.1	404.3	135	-270.1	-270.1
10:07:14	410.1	404.3	139.2	-270.1	-270.1
10:07:15	410.1	404.4	143.3	-270.1	-270.1
10:07:16	410.1	404.4	147.2	-270.1	-270.1
10:07:17	410.1	404.4	151	-270.1	-270.1
10:07:18	410.1	404.5	154.7	-270.1	-270.1
10:07:19	410	404.4	158.4	-270.1	-270.1
10:07:20	410	404.4	158.4	-270.1	-270.1
10:07:21	410	404.5	162	-270.1	-270.1
10:07:22	410	404.6	165.7	-270.1	-270.1
10:07:23	410	404.6	169.3	-270.1	-270.1
10:07:24	410	404.6	172.8	-270.1	-270.1
10:07:25	409.9	404.6	176.2	-270.1	-270.1
10:07:26	409.9	404.6	179.6	-270.1	-270.1
10:07:27	409.9	404.6	182.9	-270.1	-270.1
10:07:28	409.8	404.6	186.2	-270.1	-270.1
10:07:29	409.8	404.6	189.4	-270.1	-270.1
10:07:30	409.9	404.7	192.5	-270.1	-270.1
10:07:31	409.9	404.7	195.8	-270.1	-270.1
10:07:32	409.8	404.7	198.9	-270.1	-270.1
10:07:33	409.8	404.7	201.9	-270.1	-270.1
10:07:34	409.8	404.7	204.9	-270.1	-270.1
10:07:35	409.8	404.8	207.9	-270.1	-270.1
10:07:36	409.8	404.8	210.9	-270.1	-270.1
10:07:37	409.8	404.8	213.8	-270.1	-270.1
10:07:38	409.8	404.8	216.6	-270.1	-270.1
10:07:39	409.8	404.8	219.4	-270.1	-270.1
10:07:40	409.8	404.8	222.2	-270.1	-270.1
10:07:41	409.8	404.8	224.9	-270.1	-270.1
10:07:42	409.8	404.8	227.5	-270.1	-270.1
10:07:43	409.7	404.9	230.2	-270.1	-270.1
10:07:44	409.7	404.9	232.7	-270.1	-270.1
10:07:45	409.7	404.9	235.2	-270.1	-270.1
10:07:46	409.7	404.9	237.7	-270.1	-270.1
10:07:47	409.7	404.9	240.2	-270.1	-270.1
10:07:48	409.7	404.9	242.6	-270.1	-270.1
10:07:49	409.7	404.9	244.9	-270.1	-270.1
10:07:50	409.7	404.9	247.2	-270.1	-270.1
10:07:51	409.7	405	249.5	-270.1	-270.1
10:07:52	409.7	405	251.8	-270.1	-270.1
10:07:53	409.7	405	254	-270.1	-270.1
10:07:54	409.6	405	256.1	-270.1	-270.1
10:07:55	409.6	405	258.3	-270.1	-270.1
10:07:56	409.6	405	260.4	-270.1	-270.1
10:07:57	409.6	405	262.5	-270.1	-270.1
10:07:58	409.6	405	264.5	-270.1	-270.1
10:07:59	409.6	405	266.6	-270.1	-270.1
10:08:00	409.6	405	268.5	-270.1	-270.1
10:08:01	409.6	405	270.5	-270.1	-270.1
10:08:02	409.6	405.1	272.4	-270.1	-270.1
10:08:03	409.7	405.1	274.4	-270.1	-270.1
10:08:04	409.7	405.1	276.3	-270.1	-270.1
10:08:05	409.7	405.1	278.1	-270.1	-270.1
10:08:06	409.7	405.1	279.9	-270.1	-270.1
10:08:07	409.6	405.1	281.7	-270.1	-270.1
10:08:08	409.6	405.2	283.4	-270.1	-270.1
10:08:09	409.6	405.2	285.1	-270.1	-270.1
10:08:10	409.6	405.2	286.8	-270.1	-270.1
10:08:11	409.6	405.2	288.5	-270.1	-270.1
10:08:12	409.6	405.2	290.1	-270.1	-270.1
10:08:13	409.6	405.2	291.7	-270.1	-270.1
10:08:14	409.6	405.2	293.3	-270.1	-270.1
10:08:15	409.6	405.2	294.8	-270.1	-270.1
10:08:16	409.6	405.2	296.3	-270.1	-270.1
10:08:17	409.6	405.2	297.8	-270.1	-270.1
10:08:18	409.6	405.2	299.3	-270.1	-270.1
10:08:19	409.6	405.3	300.8	-270.1	-270.1
10:08:20	409.6	405.3	302.2	-270.1	-270.1
10:08:21	409.6	405.3	303.6	-270.1	-270.1
10:08:22	409.6	405.3	305	-270.1	-270.1
10:08:23	409.6	405.3	306.3	-270.1	-270.1
10:08:24	409.7	405.3	307.7	-270.1	-270.1
10:08:25	409.6	405.3	307.7	-270.1	-270.1
10:08:26	409.6	405.3	309	-270.1	-270.1
10:08:27	409.6	405.4	310.3	-270.1	-270.1
10:08:28	409.6	405.4	311.5	-270.1	-270.1
10:08:29	409.6	405.4	312.8	-270.1	-270.1
10:08:30	409.6	405.4	314	-270.1	-270.1
10:08:31	409.7	405.5	315.2	-270.1	-270.1
10:08:32	409.7	405.5	316.5	-270.1	-270.1
10:08:33	409.6	405.4	317.6	-270.1	-270.1
10:08:34	409.6	405.5	318.7	-270.1	-270.1
10:08:35	409.6	405.5	319.9	-270.1	-270.1
10:08:36	409.6	405.5	321	-270.1	-270.1
10:08:37	409.7	405.6	322.1	-270.1	-270.1
10:08:38	409.7	405.6	323.2	-270.1	-270.1
10:08:39	409.6	405.6	324.2	-270.1	-270.1
10:08:40	409.6	405.5	325.2	-270.1	-270.1
10:08:41	409.7	405.5	326.2	-270.1	-270.1
10:08:42	409.7	405.6	327.3	-270.1	-270.1
10:08:43	409.7	405.6	328.2	-270.1	-270.1
10:08:44	409.7	405.6	329.2	-270.1	-270.1
10:08:45	409.7	405.6	330.1	-270.1	-270.1
10:08:46	409.6	405.7	331	-270.1	-270.1
10:08:47	409.6	405.7	331.9	-270.1	-270.1
10:08:48	409.6	405.7	332.8	-270.1	-270.1
10:08:49	409.6	405.7	333.7	-270.1	-270.1
10:08:50	409.6	405.7	334.6	-270.1	-270.1
10:08:51	409.6	405.7	335.4	-270.1	-270.1
10:08:52	409.6	405.7	336.2	-270.1	-270.1
10:08:53	409.6	405.7	337	-270.1	-270.1
10:08:54	409.6	405.8	337.8	-270.1	-270.1
10:08:55	409.6	405.8	338.6	-270.1	-270.1
10:08:56	409.6	405.8	339.4	-270.1	-270.1
10:08:57	409.6	405.8	340.2	-270.1	-270.1
10:08:58	409.6	405.8	340.9	-270.1	-270.1
10:08:59	409.6	405.8	341.6	-270.1	-270.1
10:09:00	409.6	405.8	342.4	-270.1	-270.1
10:09:01	409.6	405.9	343.1	-270.1	-270.1
10:09:02	409.6	405.9	343.7	-270.1	-270.1
10:09:03	409.6	405.9	344.4	-270.1	-270.1
10:09:04	409.6	405.9	345.1	-270.1	-270.1
10:09:05	409.6	405.9	345.8	-270.1	-270.1
10:09:06	409.6	405.9	346.4	-270.1	-270.1
10:09:07	409.6	406	347.2	-270.1	-270.1
10:09:08	409.6	406	347.8	-270.1	-270.1
10:09:09	409.6	406	348.4	-270.1	-270.1
10:09:10	409.6	406	349	-270.1	-270.1
10:09:11	409.6	406	349.7	-270.1	-270.1
10:09:12	409.6	406.1	350.3	-270.1	-270.1
10:09:13	409.6	406.1	350.9	-270.1	-270.1
10:09:14	409.6	406.1	351.5	-270.1	-270.1
10:09:15	409.6	406.1	352	-270.1	-270.1
10:09:16	409.6	406.1	352.6	-270.1	-270.1
10:09:17	409.6	406.1	353.2	-270.1	-270.1
10:09:18	409.6	406.1	353.7	-270.1	-270.1
10:09:19	409.7	406.2	354.2	-270.1	-270.1
10:09:20	409.6	406.2	354.7	-270.1	-270.1
10:09:21	409.7	406.2	355.2	-270.1	-270.1
10:09:22	409.7	406.2	355.7	-270.1	-270.1
10:09:23	409.7	406.2	356.2	-270.1	-270.1
10:09:24	409.7	406.3	356.7	-270.1	-270.1
10:09:25	409.7	406.3	357.2	-270.1	-270.1
10:09:26	409.7	406.3	357.6	-270.1	-270.1
10:09:27	409.7	406.3	358.1	-270.1	-270.1
10:09:28	409.7	406.3	358.5	-270.1	-270.1
10:09:29	409.7	406.3	359	-270.1	-270.1
10:09:30	409.7	406.4	359.4	-270.1	-270.1
10:09:31	409.7	406.4	359.8	-270.1	-270.1
10:09:32	409.7	406.4	360.3	-270.1	-270.1
10:09:33	409.8	406.4	360.3	-270.1	-270.1
10:09:34	409.8	406.4	360.7	-270.1	-270.1
10:09:35	409.8	406.4	361	-270.1	-270.1
10:09:36	409.8	406.5	361.4	-270.1	-270.1
10:09:37	409.8	406.5	361.8	-270.1	-270.1
10:09:38	409.8	406.5	362.2	-270.1	-270.1
10:09:39	409.8	406.5	362.6	-270.1	-270.1
10:09:40	409.8	406.5	363	-270.1	-270.1
10:09:41	409.8	406.6	363.4	-270.1	-270.1
10:09:42	409.8	406.6	363.7	-270.1	-270.1
10:09:43	409.8	406.6	364.1	-270.1	-270.1
10:09:44	409.8	406.6	364.5	-270.1	-270.1
10:09:45	409.9	406.7	364.8	-270.1	-270.1
10:09:46	409.9	406.7	365.2	-270.1	-270.1
10:09:47	409.9	406.7	365.6	-270.1	-270.1
10:09:48	409.9	406.7	365.8	-270.1	-270.1
10:09:49	409.9	406.7	366.1	-270.1	-270.1
10:09:50	409.9	406.7	366.5	-270.1	-270.1
10:09:51	409.9	406.7	366.8	-270.1	-270.1
10:09:52	409.9	406.8	367.2	-270.1	-270.1
10:09:53	409.9	406.8	367.5	-270.1	-270.1
10:09:54	409.9	406.8	367.7	-270.1	-270.1
10:09:55	409.9	406.8	368	-270.1	-270.1
10:09:56	409.9	406.9	368.4	-270.1	-270.1
10:09:57	409.9	406.9	368.7	-270.1	-270.1
10:09:58	409.9	406.9	368.9	-270.1	-270.1
10:09:59	409.9	406.9	369.2	-270.1	-270.1
10:10:00	410	406.9	369.4	-270.1	-270.1
10:10:01	410	407	369.7	-270.1	-270.1
10:10:02	410	407	369.9	-270.1	-270.1
10:10:03	410	407.1	370.2	-270.1	-270.1
10:10:04	410	407.1	370.4	-270.1	-270.1
10:10:05	410	407.1	370.7	-270.1	-270.1
10:10:06	410	407.1	371	-270.1	-270.1
10:10:07	409.9	407.1	371.1	-270.1	-270.1
10:10:08	409.9	407.1	371.4	-270.1	-270.1
10:10:09	410	407.2	371.7	-270.1	-270.1
10:10:10	410	407.2	371.9	-270.1	-270.1
10:10:11	410	407.2	372.2	-270.1	-270.1
10:10:12	410	407.2	372.4	-270.1	-270.1
10:10:13	410	407.3	372.6	-270.1	-270.1
10:10:14	410	407.3	372.8	-270.1	-270.1
10:10:15	410	407.3	373	-270.1	-270.1
10:10:16	410	407.3	373.2	-270.1	-270.1
10:10:17	410	407.3	373.4	-270.1	-270.1
10:10:18	410	407.3	373.6	-270.1	-270.1
10:10:19	410	407.4	373.8	-270.1	-270.1
10:10:20	410	407.4	374	-270.1	-270.1
10:10:21	410	407.4	374.3	-270.1	-270.1
10:10:22	410	407.4	374.5	-270.1	-270.1
10:10:23	410	407.4	374.7	-270.1	-270.1
10:10:24	410	407.4	374.9	-270.1	-270.1
10:10:25	410	407.5	375.1	-270.1	-270.1
10:10:26	410	407.5	375.3	-270.1	-270.1
10:10:27	410	407.5	375.4	-270.1	-270.1
10:10:28	410	407.5	375.6	-270.1	-270.1
10:10:29	410	407.5	375.8	-270.1	-270.1
10:10:30	410	407.5	376	-270.1	-270.1
10:10:31	410	407.5	376.2	-270.1	-270.1
10:10:32	410	407.6	376.4	-270.1	-270.1
10:10:33	410	407.6	376.5	-270.1	-270.1
10:10:34	410	407.6	376.7	-270.1	-270.1
10:10:35	410	407.6	376.9	-270.1	-270.1
10:10:36	410	407.6	377.1	-270.1	-270.1
10:10:37	410	407.6	377.2	-270.1	-270.1
10:10:38	410	407.7	377.4	-270.1	-270.1
10:10:39	410.1	407.7	377.6	-270.1	-270.1
10:10:40	410.1	407.8	377.8	-270.1	-270.1
10:10:41	410.1	407.8	377.9	-270.1	-270.1
10:10:42	410.1	407.8	378.1	-270.1	-270.1
10:10:43	410.1	407.8	378.1	-270.1	-270.1
10:10:44	410.1	407.8	378.3	-270.1	-270.1
10:10:45	410.1	407.8	378.4	-270.1	-270.1
10:10:46	410.1	407.9	378.6	-270.1	-270.1
10:10:47	410.1	407.9	378.7	-270.1	-270.1
10:10:48	410.1	407.9	378.9	-270.1	-270.1
10:10:49	410.2	407.9	379	-270.1	-270.1
10:10:50	410.2	407.9	379.2	-270.1	-270.1
10:10:51	410.2	407.9	379.3	-270.1	-270.1
10:10:52	410.2	408	379.5	-270.1	-270.1
10:10:53	410.2	408	379.6	-270.1	-270.1
10:10:54	410.2	408	379.8	-270.1	-270.1
10:10:55	410.2	408	379.9	-270.1	-270.1
10:10:56	410.2	408	380.1	-270.1	-270.1
10:10:57	410.2	408	380.2	-270.1	-270.1
10:10:58	410.2	408.1	380.3	-270.1	-270.1
10:10:59	410.2	408.1	380.4	-270.1	-270.1
10:11:00	410.2	408.1	380.6	-270.1	-270.1
10:11:01	410.3	408.1	380.7	-270.1	-270.1
10:11:02	410.3	408.1	380.8	-270.1	-270.1
10:11:03	410.3	408.2	380.9	-270.1	-270.1
10:11:04	410.3	408.2	381.1	-270.1	-270.1
10:11:05	410.3	408.2	381.2	-270.1	-270.1
10:11:06	410.3	408.2	381.3	-270.1	-270.1
10:11:07	410.3	408.2	381.4	-270.1	-270.1
10:11:08	410.3	408.3	381.5	-270.1	-270.1
10:11:09	410.3	408.3	381.7	-270.1	-270.1
10:11:10	410.3	408.3	381.8	-270.1	-270.1
10:11:11	410.3	408.3	381.9	-270.1	-270.1
10:11:12	410.3	408.3	382	-270.1	-270.1
10:11:13	410.3	408.4	382.1	-270.1	-270.1
10:11:14	410.4	408.4	382.2	-270.1	-270.1
10:11:15	410.4	408.4	382.3	-270.1	-270.1
10:11:16	410.4	408.4	382.4	-270.1	-270.1
10:11:17	410.4	408.5	382.6	-270.1	-270.1
10:11:18	410.4	408.5	382.7	-270.1	-270.1
10:11:19	410.5	408.6	382.8	-270.1	-270.1
10:11:20	410.5	408.6	382.9	-270.1	-270.1
10:11:21	410.5	408.6	383	-270.1	-270.1
10:11:22	410.5	408.6	383.1	-270.1	-270.1
10:11:23	410.4	408.6	383.2	-270.1	-270.1
10:11:24	410.4	408.6	383.3	-270.1	-270.1
10:11:25	410.4	408.6	383.4	-270.1	-270.1
10:11:26	410.4	408.7	383.4	-270.1	-270.1
10:11:27	410.5	408.7	383.6	-270.1	-270.1
10:11:28	410.5	408.8	383.7	-270.1	-270.1
10:11:29	410.4	408.7	383.7	-270.1	-270.1
10:11:30	410.5	408.7	383.8	-270.1	-270.1
10:11:31	410.5	408.7	383.9	-270.1	-270.1
10:11:32	410.5	408.8	384	-270.1	-270.1
10:11:33	410.5	408.8	384.1	-270.1	-270.1
10:11:34	410.5	408.9	384.2	-270.1	-270.1
10:11:35	410.5	408.9	384.3	-270.1	-270.1
10:11:36	410.5	408.9	384.4	-270.1	-270.1
10:11:37	410.5	408.8	384.4	-270.1	-270.1
10:11:38	410.5	408.9	384.5	-270.1	-270.1
10:11:39	410.5	408.9	384.5	-270.1	-270.1
10:11:40	410.5	409	384.5	-270.1	-270.1
10:11:41	410.5	408.9	384.5	-270.1	-270.1
10:11:42	410.5	408.9	384.6	-270.1	-270.1
10:11:43	410.5	409	384.7	-270.1	-270.1
10:11:44	410.5	409	384.7	-270.1	-270.1
10:11:45	410.6	409	384.8	-270.1	-270.1
10:11:46	410.6	409	384.9	-270.1	-270.1
10:11:47	410.6	409	385	-270.1	-270.1
10:11:48	410.6	409	385.1	-270.1	-270.1
10:11:49	410.6	409.1	385.2	-270.1	-270.1
10:11:50	410.6	409.1	385.3	-270.1	-270.1
10:11:51	410.6	409.1	385.3	-270.1	-270.1
10:11:52	410.6	409.1	385.3	-270.1	-270.1
10:11:53	410.6	409.1	385.4	-270.1	-270.1
10:11:54	410.6	409.1	385.5	-270.1	-270.1
10:11:55	410.6	409.1	385.6	-270.1	-270.1
10:11:56	410.6	409.1	385.7	-270.1	-270.1
10:11:57	410.7	409.1	385.8	-270.1	-270.1
10:11:58	410.6	409.2	385.8	-270.1	-270.1
10:11:59	410.7	409.2	385.9	-270.1	-270.1
10:12:00	410.7	409.2	386	-270.1	-270.1
10:12:01	410.7	409.2	386.1	-270.1	-270.1
10:12:02	410.7	409.2	386.1	-270.1	-270.1
10:12:03	410.7	409.2	386.2	-270.1	-270.1
10:12:04	410.7	409.2	386.3	-270.1	-270.1
10:12:05	410.7	409.2	386.4	-270.1	-270.1
10:12:06	410.7	409.2	386.4	-270.1	-270.1
10:12:07	410.7	409.3	386.5	-270.1	-270.1
10:12:08	410.7	409.3	386.6	-270.1	-270.1
10:12:09	410.7	409.3	386.6	-270.1	-270.1
10:12:10	410.7	409.3	386.7	-270.1	-270.1
10:12:11	410.7	409.3	386.8	-270.1	-270.1
10:12:12	410.7	409.3	386.8	-270.1	-270.1
10:12:13	410.7	409.3	386.9	-270.1	-270.1
10:12:14	410.7	409.3	386.9	-270.1	-270.1
10:12:15	410.7	409.4	387	-270.1	-270.1
10:12:16	410.7	409.4	387	-270.1	-270.1
10:12:17	410.7	409.4	387.1	-270.1	-270.1
10:12:18	410.7	409.4	387.2	-270.1	-270.1
10:12:19	410.7	409.4	387.2	-270.1	-270.1
10:12:20	410.7	409.4	387.3	-270.1	-270.1
10:12:21	410.7	409.5	387.3	-270.1	-270.1
10:12:22	410.7	409.5	387.4	-270.1	-270.1
10:12:23	410.7	409.5	387.5	-270.1	-270.1
10:12:24	410.7	409.5	387.6	-270.1	-270.1
10:12:25	410.7	409.6	387.6	-270.1	-270.1
10:12:26	410.7	409.5	387.6	-270.1	-270.1
10:12:27	410.7	409.6	387.7	-270.1	-270.1
10:12:28	410.7	409.6	387.8	-270.1	-270.1
10:12:29	410.7	409.6	387.8	-270.1	-270.1
10:12:30	410.7	409.6	387.9	-270.1	-270.1
10:12:31	410.7	409.6	388	-270.1	-270.1
10:12:32	410.7	409.7	388	-270.1	-270.1
10:12:33	410.8	409.7	388.1	-270.1	-270.1
10:12:34	410.8	409.8	388.2	-270.1	-270.1
10:12:35	410.8	409.8	388.3	-270.1	-270.1
10:12:36	410.8	409.8	388.3	-270.1	-270.1
10:12:37	410.7	409.7	388.3	-270.1	-270.1
10:12:38	410.8	409.8	388.4	-270.1	-270.1
10:12:39	410.7	409.8	388.4	-270.1	-270.1
10:12:40	410.8	409.8	388.5	-270.1	-270.1
10:12:41	410.8	409.9	388.6	-270.1	-270.1
10:12:42	410.8	409.9	388.6	-270.1	-270.1
10:12:43	410.8	409.9	388.7	-270.1	-270.1
10:12:44	410.8	410	388.7	-270.1	-270.1
10:12:45	410.8	409.9	388.7	-270.1	-270.1
10:12:46	410.8	409.9	388.8	-270.1	-270.1
10:12:47	410.8	410	388.8	-270.1	-270.1
10:12:48	410.8	410	388.9	-270.1	-270.1
10:12:49	410.9	410.1	389	-270.1	-270.1
10:12:50	410.9	410.1	389	-270.1	-270.1
10:12:51	410.9	410.1	389.1	-270.1	-270.1
10:12:52	410.9	410.1	389.1	-270.1	-270.1
10:12:53	410.9	410.1	389.1	-270.1	-270.1
10:12:54	410.9	410.1	389.2	-270.1	-270.1
10:12:55	410.8	410.1	389.2	-270.1	-270.1
10:12:57	410.8	410.2	389.3	-270.1	-270.1
10:12:59	410.8	410.2	389.3	-270.1	-270.1
10:13:01	410.9	410.3	389.4	-270.1	-270.1
10:13:02	410.8	410.2	389.4	-270.1	-270.1
10:13:03	410.9	410.3	389.4	-270.1	-270.1
10:13:04	410.9	410.3	389.4	-270.1	-270.1
10:13:05	410.8	410.3	389.4	-270.1	-270.1
10:13:06	410.9	410.3	389.5	-270.1	-270.1
10:13:07	410.9	410.3	389.5	-270.1	-270.1
10:13:08	410.9	410.3	389.6	-270.1	-270.1
10:13:09	410.9	410.4	389.6	-270.1	-270.1
10:13:10	410.9	410.3	389.7	-270.1	-270.1
10:13:11	410.9	410.3	389.7	-270.1	-270.1
10:13:12	410.9	410.3	389.8	-270.1	-270.1
10:13:13	410.9	410.4	389.9	-270.1	-270.1
10:13:14	410.9	410.4	389.9	-270.1	-270.1
10:13:15	410.9	410.4	390	-270.1	-270.1
10:13:16	411	410.4	390	-270.1	-270.1
10:13:17	410.9	410.4	390	-270.1	-270.1
10:13:18	410.9	410.4	390.1	-270.1	-270.1
10:13:19	411	410.4	390.1	-270.1	-270.1
10:13:20	411	410.5	390.2	-270.1	-270.1
10:13:21	411	410.4	390.2	-270.1	-270.1
10:13:22	411.1	410.5	390.3	-270.1	-270.1
10:13:23	411	410.5	390.4	-270.1	-270.1
10:13:24	411	410.5	390.4	-270.1	-270.1
10:13:25	411	410.5	390.4	-270.1	-270.1
10:13:26	411	410.4	390.5	-270.1	-270.1
10:13:27	411	410.5	390.5	-270.1	-270.1
10:13:28	411.1	410.5	390.6	-270.1	-270.1
10:13:29	411	410.5	390.6	-270.1	-270.1
10:13:30	411	410.5	390.6	-270.1	-270.1
10:13:31	411.1	410.5	390.7	-270.1	-270.1
10:13:32	411.1	410.6	390.8	-270.1	-270.1
10:13:33	411.1	410.6	390.9	-270.1	-270.1
10:13:34	411.1	410.6	390.8	-270.1	-270.1
10:13:35	411.2	410.6	390.8	-270.1	-270.1
10:13:36	411.2	410.6	390.9	-270.1	-270.1
10:13:37	411.2	410.6	390.9	-270.1	-270.1
10:13:38	411.1	410.6	390.9	-270.1	-270.1
10:13:39	411.1	410.6	390.9	-270.1	-270.1
10:13:40	411.2	410.6	391	-270.1	-270.1
10:13:41	411.2	410.7	391.1	-270.1	-270.1
10:13:42	411.2	410.7	391.1	-270.1	-270.1
10:13:43	411.2	410.7	391.2	-270.1	-270.1
10:13:44	411.2	410.7	391.2	-270.1	-270.1
10:13:45	411.2	410.7	391.2	-270.1	-270.1
10:13:46	411.2	410.7	391.3	-270.1	-270.1
10:13:47	411.2	410.7	391.3	-270.1	-270.1
10:13:48	411.2	410.7	391.4	-270.1	-270.1
10:13:49	411.2	410.8	391.4	-270.1	-270.1
10:13:50	411.2	410.8	391.4	-270.1	-270.1
10:13:51	411.2	410.8	391.5	-270.1	-270.1
10:13:52	411.2	410.8	391.5	-270.1	-270.1
10:13:53	411.2	410.8	391.5	-270.1	-270.1
10:13:54	411.2	410.8	391.5	-270.1	-270.1
10:13:55	411.2	410.9	391.6	-270.1	-270.1
10:13:56	411.3	410.9	391.6	-270.1	-270.1
10:13:57	411.3	410.9	391.7	-270.1	-270.1
10:13:58	411.3	410.9	391.7	-270.1	-270.1
10:13:59	411.3	410.9	391.7	-270.1	-270.1
10:14:00	411.3	410.9	391.8	-270.1	-270.1
10:14:01	411.3	411	391.8	-270.1	-270.1
10:14:02	411.3	411	391.8	-270.1	-270.1
10:14:03	411.3	411	391.9	-270.1	-270.1
10:14:04	411.3	411	391.9	-270.1	-270.1
10:14:05	411.3	411.1	392	-270.1	-270.1
10:14:06	411.3	411.1	392	-270.1	-270.1
10:14:07	411.3	411.1	392	-270.1	-270.1
10:14:08	411.3	411.1	392	-270.1	-270.1
10:14:09	411.3	411.2	392	-270.1	-270.1
10:14:10	411.3	411.2	392.1	-270.1	-270.1
10:14:11	411.3	411.2	392.1	-270.1	-270.1
10:14:12	411.3	411.2	392.1	-270.1	-270.1
10:14:13	411.3	411.2	392.2	-270.1	-270.1
10:14:14	411.3	411.2	392.2	-270.1	-270.1
10:14:15	411.3	411.3	392.2	-270.1	-270.1
10:14:16	411.3	411.3	392.3	-270.1	-270.1
10:14:17	411.3	411.3	392.3	-270.1	-270.1
10:14:18	411.3	411.3	392.4	-270.1	-270.1
10:14:19	411.3	411.3	392.4	-270.1	-270.1
10:14:20	411.3	411.3	392.4	-270.1	-270.1
10:14:21	411.3	411.4	392.5	-270.1	-270.1
10:14:22	411.4	411.4	392.5	-270.1	-270.1
10:14:23	411.4	411.4	392.5	-270.1	-270.1
10:14:24	411.4	411.4	392.6	-270.1	-270.1
10:14:25	411.4	411.4	392.6	-270.1	-270.1
10:14:26	411.4	411.4	392.6	-270.1	-270.1
10:14:27	411.4	411.4	392.7	-270.1	-270.1
10:14:28	411.4	411.4	392.7	-270.1	-270.1
10:14:29	411.5	411.5	392.8	-270.1	-270.1
10:14:30	411.5	411.5	392.8	-270.1	-270.1
10:14:31	411.5	411.5	392.9	-270.1	-270.1
10:14:32	411.5	411.6	392.9	-270.1	-270.1
10:14:33	411.5	411.6	392.9	-270.1	-270.1
10:14:34	411.4	411.5	392.9	-270.1	-270.1
10:14:35	411.4	411.5	392.9	-270.1	-270.1
10:14:36	411.4	411.5	393	-270.1	-270.1
10:14:37	411.4	411.5	393	-270.1	-270.1
10:14:38	411.5	411.6	393.1	-270.1	-270.1
10:14:39	411.5	411.6	393.1	-270.1	-270.1
10:14:40	411.5	411.6	393.2	-270.1	-270.1
10:14:41	411.5	411.6	393.2	-270.1	-270.1
10:14:42	411.5	411.6	393.2	-270.1	-270.1
10:14:43	411.5	411.6	393.3	-270.1	-270.1
10:14:44	411.5	411.7	393.3	-270.1	-270.1
10:14:45	411.5	411.6	393.3	-270.1	-270.1
10:14:46	411.5	411.6	393.3	-270.1	-270.1
10:14:47	411.5	411.6	393.4	-270.1	-270.1
10:14:48	411.5	411.7	393.4	-270.1	-270.1
10:14:49	411.5	411.7	393.4	-270.1	-270.1
10:14:50	411.5	411.7	393.4	-270.1	-270.1
10:14:51	411.5	411.7	393.5	-270.1	-270.1
10:14:52	411.5	411.6	393.5	-270.1	-270.1
10:14:53	411.5	411.6	393.5	-270.1	-270.1
10:14:54	411.5	411.7	393.6	-270.1	-270.1
10:14:55	411.5	411.7	393.6	-270.1	-270.1
10:14:56	411.5	411.7	393.6	-270.1	-270.1
10:14:57	411.5	411.7	393.6	-270.1	-270.1
10:14:58	411.5	411.6	393.6	-270.1	-270.1
10:14:59	411.5	411.6	393.6	-270.1	-270.1
10:15:00	411.5	411.6	393.7	-270.1	-270.1
10:15:01	411.6	411.7	393.7	-270.1	-270.1
10:15:02	411.6	411.7	393.8	-270.1	-270.1
10:15:03	411.5	411.7	393.7	-270.1	-270.1
10:15:04	411.5	411.7	393.8	-270.1	-270.1
10:15:05	411.6	411.7	393.9	-270.1	-270.1
10:15:06	411.6	411.8	393.9	-270.1	-270.1
10:15:07	411.6	411.8	393.9	-270.1	-270.1
10:15:08	411.6	411.8	393.9	-270.1	-270.1
10:15:09	411.6	411.8	394	-270.1	-270.1
10:15:10	411.6	411.8	394	-270.1	-270.1
10:15:11	411.5	411.8	393.9	-270.1	-270.1
10:15:12	411.5	411.8	393.9	-270.1	-270.1
10:15:13	411.5	411.8	393.9	-270.1	-270.1
10:15:14	411.5	411.8	393.9	-270.1	-270.1
10:15:15	411.5	411.8	393.9	-270.1	-270.1
10:15:16	411.5	411.8	394	-270.1	-270.1
10:15:17	411.6	411.9	394	-270.1	-270.1
10:15:18	411.6	411.9	394.1	-270.1	-270.1
10:15:19	411.6	411.9	394.1	-270.1	-270.1
10:15:20	411.6	411.9	394.2	-270.1	-270.1
10:15:21	411.6	412	394.2	-270.1	-270.1
10:15:22	411.6	412	394.2	-270.1	-270.1
10:15:23	411.6	412	394.2	-270.1	-270.1
10:15:24	411.6	412	394.3	-270.1	-270.1
10:15:25	411.6	412	394.3	-270.1	-270.1
10:15:26	411.7	412.1	394.3	-270.1	-270.1
10:15:27	411.7	412.1	394.3	-270.1	-270.1
10:15:28	411.7	412.1	394.4	-270.1	-270.1
10:15:29	411.7	412.1	394.4	-270.1	-270.1
10:15:30	411.7	412.1	394.4	-270.1	-270.1
10:15:31	411.7	412.1	394.4	-270.1	-270.1
10:15:32	411.7	412.2	394.5	-270.1	-270.1
10:15:33	411.6	412.2	394.5	-270.1	-270.1
10:15:34	411.6	412.2	394.5	-270.1	-270.1
10:15:35	411.7	412.2	394.5	-270.1	-270.1
10:15:36	411.7	412.3	394.6	-270.1	-270.1
10:15:37	411.7	412.3	394.6	-270.1	-270.1
10:15:38	411.7	412.3	394.6	-270.1	-270.1
10:15:39	411.7	412.3	394.7	-270.1	-270.1
10:15:40	411.7	412.3	394.7	-270.1	-270.1
10:15:41	411.7	412.4	394.7	-270.1	-270.1
10:15:42	411.7	412.4	394.7	-270.1	-270.1
10:15:43	411.7	412.4	394.8	-270.1	-270.1
10:15:44	411.7	412.4	394.8	-270.1	-270.1
10:15:45	411.7	412.4	394.8	-270.1	-270.1
10:15:46	411.8	412.5	394.8	-270.1	-270.1
10:15:47	411.8	412.5	394.8	-270.1	-270.1
10:15:48	411.8	412.5	394.8	-270.1	-270.1
10:15:49	411.8	412.5	394.9	-270.1	-270.1
10:15:50	411.8	412.5	394.9	-270.1	-270.1
10:15:51	411.8	412.6	394.9	-270.1	-270.1
10:15:52	411.8	412.6	394.9	-270.1	-270.1
10:15:53	411.8	412.6	395	-270.1	-270.1
10:15:54	411.8	412.6	395	-270.1	-270.1
10:15:55	411.8	412.6	395	-270.1	-270.1
10:15:56	411.9	412.7	395.1	-270.1	-270.1
10:15:57	411.9	412.7	395.1	-270.1	-270.1
10:15:58	411.8	412.6	395.1	-270.1	-270.1
10:15:59	411.8	412.6	395.1	-270.1	-270.1
10:16:00	411.8	412.6	395.1	-270.1	-270.1
10:16:01	411.8	412.6	395.2	-270.1	-270.1
10:16:02	411.8	412.6	395.2	-270.1	-270.1
10:16:03	411.8	412.6	395.2	-270.1	-270.1
10:16:04	411.8	412.6	395.2	-270.1	-270.1
10:16:05	411.8	412.6	395.2	-270.1	-270.1
10:16:06	411.8	412.6	395.3	-270.1	-270.1
10:16:07	411.8	412.6	395.3	-270.1	-270.1
10:16:08	411.8	412.6	395.3	-270.1	-270.1
10:16:09	411.8	412.6	395.3	-270.1	-270.1
10:16:10	411.8	412.6	395.3	-270.1	-270.1
10:16:11	411.8	412.6	395.4	-270.1	-270.1
10:16:12	411.8	412.7	395.5	-270.1	-270.1
10:16:13	411.8	412.7	395.5	-270.1	-270.1
10:16:14	411.8	412.6	395.4	-270.1	-270.1
10:16:15	411.8	412.6	395.4	-270.1	-270.1
10:16:16	411.8	412.6	395.4	-270.1	-270.1
10:16:17	411.8	412.6	395.4	-270.1	-270.1
10:16:18	411.8	412.6	395.5	-270.1	-270.1
10:16:19	411.8	412.6	395.5	-270.1	-270.1
10:16:20	411.8	412.6	395.5	-270.1	-270.1
10:16:21	411.8	412.6	395.5	-270.1	-270.1
10:16:22	411.8	412.6	395.5	-270.1	-270.1
10:16:23	411.8	412.6	395.5	-270.1	-270.1
10:16:24	411.8	412.6	395.6	-270.1	-270.1
10:16:25	411.9	412.7	395.6	-270.1	-270.1
10:16:26	411.9	412.7	395.7	-270.1	-270.1
10:16:27	411.8	412.6	395.7	-270.1	-270.1
10:16:28	411.8	412.7	395.7	-270.1	-270.1
10:16:29	411.8	412.7	395.7	-270.1	-270.1
10:16:30	411.8	412.7	395.7	-270.1	-270.1
10:16:31	411.9	412.7	395.7	-270.1	-270.1
10:16:32	411.9	412.8	395.8	-270.1	-270.1
10:16:33	411.8	412.7	395.8	-270.1	-270.1
10:16:34	411.8	412.7	395.7	-270.1	-270.1
10:16:35	411.8	412.7	395.8	-270.1	-270.1
10:16:36	411.8	412.7	395.8	-270.1	-270.1
10:16:37	411.9	412.7	395.8	-270.1	-270.1
10:16:38	411.9	412.8	395.9	-270.1	-270.1
10:16:39	411.9	412.8	395.9	-270.1	-270.1
10:16:40	411.9	412.9	395.9	-270.1	-270.1
10:16:41	411.9	412.9	396	-270.1	-270.1
10:16:42	411.9	412.9	396	-270.1	-270.1
10:16:43	411.9	412.9	396	-270.1	-270.1
10:16:44	411.9	412.9	396	-270.1	-270.1
10:16:45	411.9	413	396.1	-270.1	-270.1
10:16:46	411.9	413	396.1	-270.1	-270.1
10:16:47	411.9	413	396.1	-270.1	-270.1
10:16:48	411.9	413	396.1	-270.1	-270.1
10:16:49	411.9	413	396.2	-270.1	-270.1
10:16:50	411.9	413.1	396.2	-270.1	-270.1
10:16:51	411.9	413.1	396.2	-270.1	-270.1
10:16:52	411.9	413.1	396.2	-270.1	-270.1
10:16:53	411.9	413.1	396.3	-270.1	-270.1
10:16:54	411.9	413.2	396.3	-270.1	-270.1
10:16:55	412	413.2	396.3	-270.1	-270.1
10:16:56	411.9	413.2	396.3	-270.1	-270.1
10:16:57	412	413.2	396.4	-270.1	-270.1
10:16:58	412	413.2	396.4	-270.1	-270.1
10:16:59	412	413.3	396.4	-270.1	-270.1
10:17:00	412	413.3	396.4	-270.1	-270.1
10:17:01	412	413.3	396.4	-270.1	-270.1
10:17:02	412	413.3	396.5	-270.1	-270.1
10:17:03	412	413.4	396.5	-270.1	-270.1
10:17:04	412	413.4	396.5	-270.1	-270.1
10:17:05	412	413.4	396.5	-270.1	-270.1
10:17:06	412	413.4	396.6	-270.1	-270.1
10:17:07	412	413.4	396.6	-270.1	-270.1
10:17:08	412	413.4	396.6	-270.1	-270.1
10:17:09	412	413.4	396.7	-270.1	-270.1
10:17:10	412	413.5	396.7	-270.1	-270.1
10:17:11	412	413.5	396.7	-270.1	-270.1
10:17:12	412	413.5	396.7	-270.1	-270.1
10:17:13	412	413.5	396.7	-270.1	-270.1
10:17:14	412	413.5	396.8	-270.1	-270.1
10:17:15	412	413.5	396.8	-270.1	-270.1
10:17:16	412	413.5	396.8	-270.1	-270.1
10:17:17	412	413.5	396.8	-270.1	-270.1
10:17:18	412.1	413.5	396.8	-270.1	-270.1
10:17:19	412.1	413.5	396.9	-270.1	-270.1
10:17:20	412.1	413.5	396.9	-270.1	-270.1
10:17:21	412.1	413.5	396.9	-270.1	-270.1
10:17:22	412.1	413.5	396.9	-270.1	-270.1
10:17:23	412.1	413.5	396.9	-270.1	-270.1
10:17:24	412.1	413.5	396.9	-270.1	-270.1
10:17:25	412.1	413.5	397	-270.1	-270.1
10:17:26	412.1	413.5	397	-270.1	-270.1
10:17:27	412.1	413.5	397	-270.1	-270.1
10:17:28	412.1	413.5	397	-270.1	-270.1
10:17:29	412.1	413.5	397	-270.1	-270.1
10:17:30	412.1	413.5	397.1	-270.1	-270.1
10:17:31	412.1	413.5	397.1	-270.1	-270.1
10:17:32	412.1	413.5	397.1	-270.1	-270.1
10:17:33	412.1	413.5	397.1	-270.1	-270.1
10:17:34	412.1	413.5	397.2	-270.1	-270.1
10:17:35	412.2	413.6	397.2	-270.1	-270.1
10:17:36	412.2	413.6	397.3	-270.1	-270.1
10:17:37	412.2	413.6	397.3	-270.1	-270.1
10:17:38	412.2	413.6	397.3	-270.1	-270.1
10:17:39	412.2	413.5	397.3	-270.1	-270.1
10:17:40	412.2	413.5	397.3	-270.1	-270.1
10:17:41	412.2	413.5	397.3	-270.1	-270.1
10:17:42	412.2	413.5	397.3	-270.1	-270.1
10:17:43	412.2	413.5	397.3	-270.1	-270.1
10:17:44	412.2	413.5	397.3	-270.1	-270.1
10:17:45	412.2	413.5	397.4	-270.1	-270.1
10:17:46	412.2	413.5	397.4	-270.1	-270.1
10:17:47	412.2	413.5	397.4	-270.1	-270.1
10:17:48	412.2	413.6	397.5	-270.1	-270.1
10:17:49	412.1	413.6	397.5	-270.1	-270.1
10:17:50	412.2	413.5	397.4	-270.1	-270.1
10:17:51	412.1	413.5	397.5	-270.1	-270.1
10:17:52	412.1	413.5	397.5	-270.1	-270.1
10:17:53	412.1	413.6	397.5	-270.1	-270.1
10:17:54	412.1	413.6	397.5	-270.1	-270.1
10:17:55	412.2	413.6	397.5	-270.1	-270.1
10:17:56	412.2	413.6	397.6	-270.1	-270.1
10:17:57	412.2	413.6	397.6	-270.1	-270.1
10:17:58	412.1	413.6	397.6	-270.1	-270.1
10:17:59	412.1	413.6	397.6	-270.1	-270.1
10:18:00	412.2	413.7	397.7	-270.1	-270.1
10:18:01	412.2	413.7	397.7	-270.1	-270.1
10:18:02	412.2	413.7	397.7	-270.1	-270.1
10:18:03	412.2	413.7	397.7	-270.1	-270.1
10:18:04	412.2	413.7	397.7	-270.1	-270.1
10:18:05	412.2	413.7	397.7	-270.1	-270.1
10:18:06	412.3	413.8	397.8	-270.1	-270.1
10:18:07	412.3	413.8	397.8	-270.1	-270.1
10:18:08	412.3	413.8	397.9	-270.1	-270.1
10:18:09	412.3	413.8	397.9	-270.1	-270.1
10:18:10	412.3	413.8	397.9	-270.1	-270.1
10:18:11	412.3	413.9	397.9	-270.1	-270.1
10:18:12	412.3	413.9	397.9	-270.1	-270.1
10:18:13	412.3	413.9	397.9	-270.1	-270.1
10:18:14	412.3	413.9	398	-270.1	-270.1
10:18:15	412.4	413.9	398	-270.1	-270.1
10:18:16	412.4	413.9	398	-270.1	-270.1
10:18:17	412.4	414	398	-270.1	-270.1
10:18:18	412.4	414	398	-270.1	-270.1
10:18:19	412.4	414	398.1	-270.1	-270.1
10:18:20	412.4	414	398.1	-270.1	-270.1
10:18:21	412.4	414	398.1	-270.1	-270.1
10:18:22	412.4	414.1	398	-270.1	-270.1
10:18:23	412.4	414.1	398	-270.1	-270.1
10:18:24	412.4	414.1	398	-270.1	-270.1
10:18:25	412.4	414.1	398	-270.1	-270.1
10:18:26	412.4	414.1	398	-270.1	-270.1
10:18:27	412.4	414.1	398	-270.1	-270.1
10:18:28	412.4	414.2	398	-270.1	-270.1
10:18:29	412.4	414.2	398.1	-270.1	-270.1
10:18:30	412.4	414.2	398.1	-270.1	-270.1
10:18:31	412.4	414.2	398.1	-270.1	-270.1
10:18:32	412.4	414.2	398.1	-270.1	-270.1
10:18:33	412.4	414.3	398.1	-270.1	-270.1
10:18:34	412.4	414.3	398.2	-270.1	-270.1
10:18:35	412.4	414.3	398.2	-270.1	-270.1
10:18:36	412.4	414.3	398.2	-270.1	-270.1
10:18:37	412.4	414.3	398.2	-270.1	-270.1
10:18:38	412.4	414.3	398.2	-270.1	-270.1
10:18:39	412.4	414.3	398.2	-270.1	-270.1
10:18:40	412.4	414.3	398.3	-270.1	-270.1
10:18:41	412.4	414.4	398.3	-270.1	-270.1
10:18:42	412.4	414.4	398.3	-270.1	-270.1
10:18:43	412.4	414.4	398.3	-270.1	-270.1
10:18:44	412.4	414.4	398.3	-270.1	-270.1
10:18:45	412.4	414.4	398.4	-270.1	-270.1
10:18:46	412.4	414.4	398.4	-270.1	-270.1
10:18:47	412.4	414.4	398.4	-270.1	-270.1
10:18:48	412.4	414.4	398.4	-270.1	-270.1
10:18:49	412.4	414.4	398.4	-270.1	-270.1
10:18:50	412.4	414.4	398.5	-270.1	-270.1
10:18:51	412.4	414.4	398.5	-270.1	-270.1
10:18:52	412.4	414.4	398.5	-270.1	-270.1
10:18:53	412.5	414.4	398.5	-270.1	-270.1
10:18:54	412.5	414.5	398.6	-270.1	-270.1
10:18:55	412.4	414.5	398.6	-270.1	-270.1
10:18:56	412.4	414.5	398.5	-270.1	-270.1
10:18:57	412.4	414.4	398.5	-270.1	-270.1
10:18:58	412.4	414.5	398.6	-270.1	-270.1
10:18:59	412.5	414.5	398.6	-270.1	-270.1
10:19:00	412.5	414.5	398.6	-270.1	-270.1
10:19:01	412.5	414.5	398.6	-270.1	-270.1
10:19:02	412.5	414.5	398.7	-270.1	-270.1
10:19:03	412.5	414.5	398.7	-270.1	-270.1
10:19:04	412.5	414.5	398.7	-270.1	-270.1
10:19:05	412.4	414.5	398.7	-270.1	-270.1
10:19:06	412.4	414.5	398.7	-270.1	-270.1
10:19:07	412.4	414.5	398.7	-270.1	-270.1
10:19:08	412.5	414.5	398.8	-270.1	-270.1
10:19:09	412.5	414.5	398.8	-270.1	-270.1
10:19:10	412.4	414.5	398.7	-270.1	-270.1
10:19:11	412.4	414.5	398.8	-270.1	-270.1
10:19:12	412.5	414.5	398.8	-270.1	-270.1
10:19:13	412.5	414.5	398.9	-270.1	-270.1
10:19:14	412.4	414.5	398.8	-270.1	-270.1
10:19:15	412.4	414.5	398.8	-270.1	-270.1
10:19:16	412.5	414.6	398.9	-270.1	-270.1
10:19:17	412.5	414.6	398.9	-270.1	-270.1
10:19:18	412.4	414.5	398.9	-270.1	-270.1
10:19:19	412.4	414.5	398.9	-270.1	-270.1
10:19:20	412.5	414.6	398.9	-270.1	-270.1
10:19:21	412.5	414.6	398.9	-270.1	-270.1
10:19:22	412.5	414.6	398.9	-270.1	-270.1
10:19:23	412.5	414.6	398.9	-270.1	-270.1
10:19:24	412.5	414.6	399	-270.1	-270.1
10:19:25	412.5	414.6	399	-270.1	-270.1
10:19:26	412.5	414.6	398.9	-270.1	-270.1
10:19:27	412.5	414.6	399	-270.1	-270.1
10:19:28	412.6	414.7	399	-270.1	-270.1
10:19:29	412.6	414.7	399	-270.1	-270.1
10:19:30	412.6	414.7	399.1	-270.1	-270.1
10:19:31	412.6	414.7	399.1	-270.1	-270.1
10:19:32	412.6	414.7	399.1	-270.1	-270.1
10:19:33	412.6	414.7	399.1	-270.1	-270.1
10:19:34	412.6	414.7	399.1	-270.1	-270.1
10:19:35	412.6	414.8	399.2	-270.1	-270.1
10:19:36	412.6	414.8	399.2	-270.1	-270.1
10:19:37	412.6	414.8	399.1	-270.1	-270.1
10:19:38	412.6	414.8	399.1	-270.1	-270.1
10:19:39	412.6	414.8	399.1	-270.1	-270.1
10:19:40	412.6	414.8	399.1	-270.1	-270.1
10:19:41	412.6	414.8	399.2	-270.1	-270.1
10:19:42	412.6	414.8	399.2	-270.1	-270.1
10:19:43	412.6	414.9	399.2	-270.1	-270.1
10:19:44	412.6	414.9	399.2	-270.1	-270.1
10:19:45	412.6	414.9	399.3	-270.1	-270.1
10:19:46	412.6	414.9	399.3	-270.1	-270.1
10:19:47	412.7	414.9	399.3	-270.1	-270.1
10:19:48	412.7	414.9	399.3	-270.1	-270.1
10:19:49	412.7	414.9	399.4	-270.1	-270.1
10:19:50	412.7	415	399.4	-270.1	-270.1
10:19:51	412.7	415	399.4	-270.1	-270.1
10:19:52	412.7	415	399.5	-270.1	-270.1
10:19:53	412.7	415	399.5	-270.1	-270.1
10:19:54	412.7	415	399.5	-270.1	-270.1
10:19:55	412.7	415	399.5	-270.1	-270.1
10:19:56	412.8	415	399.5	-270.1	-270.1
10:19:57	412.8	415	399.5	-270.1	-270.1
10:19:58	412.8	415	399.5	-270.1	-270.1
10:19:59	412.8	415	399.5	-270.1	-270.1
10:20:00	412.8	415.1	399.5	-270.1	-270.1
10:20:01	412.8	415.1	399.6	-270.1	-270.1
10:20:02	412.8	415.1	399.6	-270.1	-270.1
10:20:03	412.8	415.1	399.6	-270.1	-270.1
10:20:04	412.8	415.1	399.6	-270.1	-270.1
10:20:05	412.9	415.1	399.6	-270.1	-270.1
10:20:06	412.9	415.2	399.7	-270.1	-270.1
10:20:07	412.8	415.2	399.7	-270.1	-270.1
10:20:08	412.8	415.1	399.7	-270.1	-270.1
10:20:09	412.8	415.1	399.7	-270.1	-270.1
10:20:10	412.8	415.2	399.7	-270.1	-270.1
10:20:11	412.8	415.1	399.7	-270.1	-270.1
10:20:12	412.9	415.2	399.8	-270.1	-270.1
10:20:13	412.9	415.2	399.8	-270.1	-270.1
10:20:14	412.8	415.2	399.8	-270.1	-270.1
10:20:15	412.8	415.2	399.8	-270.1	-270.1
10:20:16	412.8	415.3	399.8	-270.1	-270.1
10:20:17	412.8	415.3	399.8	-270.1	-270.1
10:20:18	412.8	415.2	399.8	-270.1	-270.1
10:20:19	412.8	415.2	399.8	-270.1	-270.1
10:20:20	412.8	415.3	399.9	-270.1	-270.1
10:20:21	412.8	415.3	399.9	-270.1	-270.1
10:20:22	412.8	415.3	399.9	-270.1	-270.1
10:20:23	412.8	415.3	399.9	-270.1	-270.1
10:20:24	412.8	415.3	399.9	-270.1	-270.1
10:20:25	412.8	415.4	399.9	-270.1	-270.1
10:20:26	412.8	415.4	400	-270.1	-270.1
10:20:27	412.8	415.4	400	-270.1	-270.1
10:20:28	412.8	415.4	400	-270.1	-270.1
10:20:29	412.8	415.4	400	-270.1	-270.1
10:20:30	412.7	415.3	400	-270.1	-270.1
10:20:31	412.7	415.3	400	-270.1	-270.1
10:20:32	412.8	415.4	400.1	-270.1	-270.1
10:20:33	412.8	415.4	400.1	-270.1	-270.1
10:20:34	412.8	415.4	400.1	-270.1	-270.1
10:20:35	412.8	415.4	400.1	-270.1	-270.1
10:20:36	412.8	415.4	400.2	-270.1	-270.1
10:20:37	412.8	415.4	400.2	-270.1	-270.1
10:20:38	412.7	415.4	400.1	-270.1	-270.1
10:20:39	412.7	415.4	400.1	-270.1	-270.1
10:20:40	412.8	415.5	400.2	-270.1	-270.1
10:20:41	412.8	415.5	400.3	-270.1	-270.1
10:20:42	412.8	415.5	400.3	-270.1	-270.1
10:20:43	412.8	415.5	400.3	-270.1	-270.1
10:20:44	412.7	415.4	400.3	-270.1	-270.1
10:20:45	412.7	415.4	400.3	-270.1	-270.1
10:20:46	412.8	415.5	400.3	-270.1	-270.1
10:20:47	412.8	415.5	400.4	-270.1	-270.1
10:20:48	412.8	415.5	400.4	-270.1	-270.1
10:20:49	412.8	415.5	400.4	-270.1	-270.1
10:20:50	412.8	415.5	400.4	-270.1	-270.1
10:20:51	412.8	415.5	400.4	-270.1	-270.1
10:20:52	412.9	415.5	400.4	-270.1	-270.1
10:20:53	412.9	415.5	400.4	-270.1	-270.1
10:20:54	412.8	415.5	400.4	-270.1	-270.1
10:20:55	412.8	415.5	400.4	-270.1	-270.1
10:20:56	412.9	415.5	400.4	-270.1	-270.1
10:20:57	412.9	415.5	400.5	-270.1	-270.1
10:20:58	412.9	415.6	400.5	-270.1	-270.1
10:20:59	412.9	415.6	400.5	-270.1	-270.1
10:21:00	412.9	415.6	400.5	-270.1	-270.1
10:21:01	412.9	415.6	400.5	-270.1	-270.1
10:21:02	412.9	415.6	400.5	-270.1	-270.1
10:21:03	412.9	415.6	400.5	-270.1	-270.1
10:21:04	412.9	415.6	400.5	-270.1	-270.1
10:21:05	412.9	415.6	400.5	-270.1	-270.1
10:21:06	412.9	415.6	400.6	-270.1	-270.1
10:21:07	412.9	415.6	400.6	-270.1	-270.1
10:21:08	412.9	415.6	400.6	-270.1	-270.1
10:21:09	412.9	415.6	400.6	-270.1	-270.1
10:21:10	412.9	415.6	400.6	-270.1	-270.1
10:21:11	412.9	415.6	400.6	-270.1	-270.1
10:21:12	412.9	415.7	400.7	-270.1	-270.1
10:21:13	412.9	415.7	400.7	-270.1	-270.1
10:21:14	412.9	415.7	400.7	-270.1	-270.1
10:21:15	412.9	415.7	400.7	-270.1	-270.1
10:21:16	412.9	415.7	400.7	-270.1	-270.1
10:21:17	412.9	415.7	400.7	-270.1	-270.1
10:21:18	412.9	415.7	400.7	-270.1	-270.1
10:21:19	412.9	415.7	400.8	-270.1	-270.1
10:21:20	412.9	415.7	400.8	-270.1	-270.1
10:21:21	412.9	415.7	400.8	-270.1	-270.1
10:21:22	412.9	415.8	400.8	-270.1	-270.1
10:21:23	412.9	415.8	400.8	-270.1	-270.1
10:21:24	412.9	415.8	400.9	-270.1	-270.1
10:21:25	412.9	415.8	400.9	-270.1	-270.1
10:21:26	412.9	415.8	400.9	-270.1	-270.1
10:21:27	412.9	415.8	400.9	-270.1	-270.1
10:21:28	412.9	415.8	400.9	-270.1	-270.1
10:21:29	412.9	415.8	400.9	-270.1	-270.1
10:21:30	412.9	415.8	401	-270.1	-270.1
10:21:31	412.9	415.8	401	-270.1	-270.1
10:21:32	412.9	415.8	401	-270.1	-270.1
10:21:33	412.9	415.9	401	-270.1	-270.1
10:21:34	412.9	415.9	401	-270.1	-270.1
10:21:35	412.9	415.9	401.1	-270.1	-270.1
10:21:36	412.9	415.9	401.1	-270.1	-270.1
10:21:37	412.9	415.9	401.1	-270.1	-270.1
10:21:38	413	416	401.1	-270.1	-270.1
10:21:39	412.9	416	401.1	-270.1	-270.1
10:21:40	412.9	415.9	401.1	-270.1	-270.1
10:21:41	412.9	415.9	401	-270.1	-270.1
10:21:42	412.9	415.9	401	-270.1	-270.1
10:21:43	412.9	416	401.1	-270.1	-270.1
10:21:44	412.9	416	401.1	-270.1	-270.1
10:21:45	412.9	416	401.1	-270.1	-270.1
10:21:46	412.9	416	401.1	-270.1	-270.1
10:21:47	412.8	416	401.1	-270.1	-270.1
10:21:48	412.8	416	401.1	-270.1	-270.1
10:21:49	412.8	416	401.1	-270.1	-270.1
10:21:50	412.8	416	401.1	-270.1	-270.1
10:21:51	412.8	416	401.2	-270.1	-270.1
10:21:52	412.8	416	401.2	-270.1	-270.1
10:21:53	412.8	416	401.2	-270.1	-270.1
10:21:54	412.9	416.1	401.2	-270.1	-270.1
10:21:55	412.9	416.1	401.2	-270.1	-270.1
10:21:56	412.8	416.1	401.2	-270.1	-270.1
10:21:57	412.8	416.1	401.2	-270.1	-270.1
10:21:58	412.8	416.1	401.2	-270.1	-270.1
10:21:59	412.8	416.1	401.2	-270.1	-270.1
10:22:00	412.8	416.1	401.2	-270.1	-270.1
10:22:01	412.8	416.1	401.3	-270.1	-270.1
10:22:02	412.8	416.1	401.3	-270.1	-270.1
10:22:03	412.8	416.1	401.3	-270.1	-270.1
10:22:04	412.9	416.2	401.3	-270.1	-270.1
10:22:05	412.9	416.2	401.4	-270.1	-270.1
10:22:06	412.8	416.1	401.4	-270.1	-270.1
10:22:07	412.8	416.1	401.4	-270.1	-270.1
10:22:08	412.9	416.2	401.4	-270.1	-270.1
10:22:09	412.9	416.2	401.4	-270.1	-270.1
10:22:10	412.9	416.2	401.5	-270.1	-270.1
10:22:11	412.9	416.2	401.5	-270.1	-270.1
10:22:12	412.9	416.2	401.5	-270.1	-270.1
10:22:13	412.9	416.2	401.5	-270.1	-270.1
10:22:14	412.9	416.2	401.5	-270.1	-270.1
10:22:15	412.9	416.2	401.5	-270.1	-270.1
10:22:16	412.9	416.2	401.5	-270.1	-270.1
10:22:17	412.9	416.3	401.6	-270.1	-270.1
10:22:18	412.9	416.3	401.6	-270.1	-270.1
10:22:19	412.9	416.2	401.5	-270.1	-270.1
10:22:20	412.9	416.3	401.5	-270.1	-270.1
10:22:21	412.9	416.3	401.6	-270.1	-270.1
10:22:22	412.9	416.3	401.6	-270.1	-270.1
10:22:23	412.9	416.3	401.6	-270.1	-270.1
10:22:24	412.9	416.3	401.6	-270.1	-270.1
10:22:25	412.9	416.4	401.7	-270.1	-270.1
10:22:26	412.9	416.4	401.7	-270.1	-270.1
10:22:27	412.9	416.3	401.6	-270.1	-270.1
10:22:28	412.9	416.3	401.6	-270.1	-270.1
10:22:29	412.9	416.3	401.7	-270.1	-270.1
10:22:30	412.9	416.3	401.7	-270.1	-270.1
10:22:31	412.9	416.3	401.7	-270.1	-270.1
10:22:32	412.9	416.3	401.7	-270.1	-270.1
10:22:33	412.9	416.3	401.7	-270.1	-270.1
10:22:34	413	416.4	401.7	-270.1	-270.1
10:22:35	413	416.4	401.7	-270.1	-270.1
10:22:36	412.9	416.4	401.7	-270.1	-270.1
10:22:37	412.9	416.4	401.7	-270.1	-270.1
10:22:38	413	416.4	401.8	-270.1	-270.1
10:22:39	413	416.4	401.8	-270.1	-270.1
10:22:40	413	416.5	401.8	-270.1	-270.1
10:22:41	413	416.5	401.8	-270.1	-270.1
10:22:42	413	416.5	401.8	-270.1	-270.1
10:22:43	413	416.5	401.8	-270.1	-270.1
10:22:44	413	416.5	401.8	-270.1	-270.1
10:22:45	413	416.5	401.8	-270.1	-270.1
10:22:46	413	416.5	401.8	-270.1	-270.1
10:22:47	413	416.5	401.8	-270.1	-270.1
10:22:48	413	416.5	401.8	-270.1	-270.1
10:22:49	413	416.5	401.7	-270.1	-270.1
10:22:50	413.1	416.5	401.7	-270.1	-270.1
10:22:51	413.1	416.5	401.7	-270.1	-270.1
10:22:52	413	416.5	401.7	-270.1	-270.1
10:22:53	413.1	416.5	401.7	-270.1	-270.1
10:22:54	413.1	416.5	401.7	-270.1	-270.1
10:22:55	413.1	416.5	401.7	-270.1	-270.1
10:22:56	413.1	416.6	401.8	-270.1	-270.1
10:22:57	413.1	416.6	401.8	-270.1	-270.1
10:22:58	413.2	416.6	401.8	-270.1	-270.1
10:22:59	413.2	416.6	401.9	-270.1	-270.1
10:23:00	413.1	416.5	401.8	-270.1	-270.1
10:23:01	413.1	416.5	401.8	-270.1	-270.1
10:23:02	413.2	416.6	401.9	-270.1	-270.1
10:23:03	413.1	416.6	401.9	-270.1	-270.1
10:23:04	413.1	416.6	401.9	-270.1	-270.1
10:23:05	413.1	416.6	401.9	-270.1	-270.1
10:23:06	413.1	416.6	401.9	-270.1	-270.1
10:23:07	413.1	416.6	401.9	-270.1	-270.1
10:23:08	413.1	416.6	401.8	-270.1	-270.1
10:23:09	413.1	416.6	401.8	-270.1	-270.1
10:23:10	413.1	416.6	401.8	-270.1	-270.1
10:23:11	413.1	416.6	401.8	-270.1	-270.1
10:23:12	413.1	416.7	401.8	-270.1	-270.1
统计于2017年08月11日10时23分15秒					
