温度历史数据					
时间	温度0	温度1	温度2	温度3	温度4
10:23:26	413	416.8	402	-270.1	-270.1
10:23:27	413	416.8	402	-270.1	-270.1
10:23:32	413	416.8	402.1	-270.1	-270.1
10:23:33	413	416.8	402.1	-270.1	-270.1
10:23:34	413	416.8	402.1	-270.1	-270.1
10:23:35	413	416.8	402.1	-270.1	-270.1
10:23:36	413.1	416.8	402.1	-270.1	-270.1
10:23:37	413.1	416.9	402.1	-270.1	-270.1
10:23:38	413.1	416.9	402.1	-270.1	-270.1
10:23:39	413.1	416.9	402.2	-270.1	-270.1
10:23:40	413.1	416.9	402.2	-270.1	-270.1
10:23:41	413.1	416.9	402.2	-270.1	-270.1
10:23:42	413.1	416.9	402.2	-270.1	-270.1
10:23:43	413.1	416.9	402.3	-270.1	-270.1
10:23:44	413.1	416.9	402.3	-270.1	-270.1
10:23:45	413.1	416.9	402.3	-270.1	-270.1
10:23:46	413.1	416.9	402.3	-270.1	-270.1
10:23:47	413.1	416.9	402.4	-270.1	-270.1
10:23:48	413.1	416.9	402.3	-270.1	-270.1
10:23:49	413.1	417	402.3	-270.1	-270.1
10:23:50	413.1	417	402.3	-270.1	-270.1
10:23:51	413.1	417	402.4	-270.1	-270.1
10:23:52	413.1	417	402.4	-270.1	-270.1
10:23:53	413.1	417	402.4	-270.1	-270.1
10:23:54	413.1	417	402.4	-270.1	-270.1
10:23:55	413.1	417	402.4	-270.1	-270.1
10:23:56	413.1	417	402.4	-270.1	-270.1
10:23:57	413.1	417	402.5	-270.1	-270.1
10:23:58	413.1	417	402.5	-270.1	-270.1
10:23:59	413.1	417	402.5	-270.1	-270.1
10:24:00	413.1	417.1	402.5	-270.1	-270.1
10:24:01	413.1	417.1	402.5	-270.1	-270.1
10:24:02	413.1	417.1	402.5	-270.1	-270.1
10:24:03	413.1	417.1	402.6	-270.1	-270.1
10:24:04	413.1	417.1	402.6	-270.1	-270.1
10:24:05	413.1	417.1	402.6	-270.1	-270.1
10:24:06	413.1	417.1	402.6	-270.1	-270.1
10:24:07	413.1	417.1	402.6	-270.1	-270.1
10:24:08	413.1	417.1	402.6	-270.1	-270.1
10:24:09	413.1	417.1	402.6	-270.1	-270.1
10:24:10	413.1	417.1	402.6	-270.1	-270.1
10:24:11	413.1	417.1	402.6	-270.1	-270.1
10:24:12	413.1	417.1	402.6	-270.1	-270.1
10:24:13	413.1	417.2	402.6	-270.1	-270.1
10:24:14	413.1	417.2	402.6	-270.1	-270.1
10:24:15	413.1	417.2	402.7	-270.1	-270.1
10:24:16	413.1	417.2	402.7	-270.1	-270.1
10:24:17	413.1	417.2	402.7	-270.1	-270.1
10:24:18	413.1	417.2	402.7	-270.1	-270.1
10:24:19	413.1	417.2	402.7	-270.1	-270.1
10:24:20	413.1	417.2	402.7	-270.1	-270.1
10:24:21	413.1	417.2	402.7	-270.1	-270.1
10:24:22	413.1	417.2	402.7	-270.1	-270.1
10:24:23	413.1	417.2	402.8	-270.1	-270.1
10:24:24	413.1	417.2	402.8	-270.1	-270.1
10:24:25	413.1	417.2	402.8	-270.1	-270.1
10:24:26	413.1	417.2	402.8	-270.1	-270.1
10:24:27	413.1	417.3	402.8	-270.1	-270.1
10:24:28	413.1	417.3	402.8	-270.1	-270.1
10:24:29	413.1	417.3	402.8	-270.1	-270.1
10:24:30	413.1	417.3	402.8	-270.1	-270.1
10:24:31	413.1	417.3	402.8	-270.1	-270.1
10:24:32	413.2	417.3	402.9	-270.1	-270.1
10:24:33	413.2	417.3	402.9	-270.1	-270.1
10:24:34	413.2	417.3	402.9	-270.1	-270.1
10:24:35	413.2	417.3	402.9	-270.1	-270.1
10:24:36	413.2	417.4	402.9	-270.1	-270.1
10:24:37	413.2	417.4	403	-270.1	-270.1
10:24:38	413.2	417.3	403	-270.1	-270.1
10:24:39	413.2	417.3	402.9	-270.1	-270.1
10:24:40	413.2	417.4	403	-270.1	-270.1
10:24:41	413.2	417.4	403	-270.1	-270.1
10:24:42	413.2	417.3	403	-270.1	-270.1
10:24:43	413.2	417.4	403	-270.1	-270.1
10:24:44	413.3	417.4	403	-270.1	-270.1
10:24:45	413.3	417.4	403.1	-270.1	-270.1
10:24:46	413.3	417.4	403.1	-270.1	-270.1
10:24:47	413.3	417.4	403.1	-270.1	-270.1
10:24:48	413.2	417.4	403.1	-270.1	-270.1
10:24:49	413.2	417.4	403.1	-270.1	-270.1
10:24:50	413.2	417.4	403.1	-270.1	-270.1
10:24:51	413.2	417.4	403.1	-270.1	-270.1
10:24:52	413.3	417.4	403.1	-270.1	-270.1
10:24:53	413.3	417.5	403.1	-270.1	-270.1
10:24:54	413.3	417.5	403.1	-270.1	-270.1
10:24:55	413.2	417.5	403.2	-270.1	-270.1
10:24:56	413.2	417.5	403.2	-270.1	-270.1
10:24:57	413.2	417.5	403.2	-270.1	-270.1
10:24:58	413.2	417.5	403.2	-270.1	-270.1
10:24:59	413.2	417.5	403.2	-270.1	-270.1
10:25:00	413.2	417.5	403.2	-270.1	-270.1
10:25:01	413.2	417.5	403.2	-270.1	-270.1
10:25:02	413.2	417.5	403.2	-270.1	-270.1
10:25:03	413.2	417.5	403.3	-270.1	-270.1
10:25:04	413.2	417.5	403.3	-270.1	-270.1
10:25:05	413.2	417.5	403.3	-270.1	-270.1
10:25:06	413.2	417.5	403.3	-270.1	-270.1
10:25:07	413.2	417.5	403.3	-270.1	-270.1
10:25:08	413.2	417.5	403.3	-270.1	-270.1
10:25:09	413.2	417.5	403.3	-270.1	-270.1
10:25:10	413.2	417.5	403.3	-270.1	-270.1
10:25:11	413.2	417.6	403.4	-270.1	-270.1
10:25:12	413.2	417.6	403.4	-270.1	-270.1
10:25:13	413.2	417.6	403.4	-270.1	-270.1
10:25:14	413.2	417.6	403.4	-270.1	-270.1
10:25:15	413.2	417.6	403.4	-270.1	-270.1
10:25:16	413.2	417.6	403.4	-270.1	-270.1
10:25:17	413.2	417.6	403.4	-270.1	-270.1
10:25:18	413.2	417.6	403.4	-270.1	-270.1
10:25:19	413.2	417.6	403.4	-270.1	-270.1
10:25:20	413.2	417.6	403.4	-270.1	-270.1
10:25:21	413.2	417.6	403.4	-270.1	-270.1
10:25:22	413.2	417.6	403.4	-270.1	-270.1
10:25:23	413.2	417.6	403.5	-270.1	-270.1
10:25:24	413.2	417.6	403.5	-270.1	-270.1
10:25:25	413.2	417.7	403.4	-270.1	-270.1
10:25:26	413.2	417.7	403.4	-270.1	-270.1
10:25:27	413.2	417.7	403.4	-270.1	-270.1
10:25:28	413.2	417.7	403.4	-270.1	-270.1
10:25:29	413.2	417.7	403.4	-270.1	-270.1
10:25:30	413.2	417.7	403.4	-270.1	-270.1
10:25:31	413.2	417.7	403.4	-270.1	-270.1
10:25:32	413.2	417.7	403.5	-270.1	-270.1
10:25:33	413.2	417.7	403.5	-270.1	-270.1
10:25:34	413.2	417.7	403.5	-270.1	-270.1
10:25:35	413.2	417.7	403.5	-270.1	-270.1
10:25:36	413.2	417.7	403.6	-270.1	-270.1
10:25:37	413.2	417.8	403.6	-270.1	-270.1
10:25:38	413.2	417.8	403.6	-270.1	-270.1
10:25:39	413.2	417.8	403.6	-270.1	-270.1
10:25:40	413.2	417.8	403.7	-270.1	-270.1
10:25:41	413.2	417.8	403.7	-270.1	-270.1
10:25:42	413.2	417.8	403.7	-270.1	-270.1
10:25:43	413.2	417.8	403.7	-270.1	-270.1
10:25:44	413.2	417.8	403.7	-270.1	-270.1
10:25:45	413.2	417.8	403.7	-270.1	-270.1
10:25:46	413.2	417.8	403.7	-270.1	-270.1
10:25:47	413.2	417.8	403.8	-270.1	-270.1
10:25:48	413.2	417.8	403.8	-270.1	-270.1
10:25:49	413.2	417.8	403.8	-270.1	-270.1
10:25:50	413.2	417.9	403.8	-270.1	-270.1
10:25:51	413.2	417.8	403.8	-270.1	-270.1
10:25:52	413.3	417.9	403.8	-270.1	-270.1
10:25:53	413.3	417.9	403.8	-270.1	-270.1
10:25:54	413.2	417.9	403.8	-270.1	-270.1
10:25:55	413.2	417.9	403.8	-270.1	-270.1
10:25:56	413.2	417.9	403.8	-270.1	-270.1
10:25:57	413.2	417.9	403.8	-270.1	-270.1
10:25:58	413.3	417.9	403.8	-270.1	-270.1
10:25:59	413.3	418	403.9	-270.1	-270.1
10:26:00	413.2	418	403.9	-270.1	-270.1
10:26:01	413.2	417.9	403.8	-270.1	-270.1
10:26:02	413.3	418	403.8	-270.1	-270.1
10:26:03	413.3	418	403.9	-270.1	-270.1
10:26:04	413.3	418	404	-270.1	-270.1
10:26:05	413.3	418	404.1	-270.1	-270.1
10:26:06	413.3	418	404.2	-270.1	-270.1
10:26:07	413.3	418	404.2	-270.1	-270.1
10:26:08	413.3	418	404.4	-270.1	-270.1
10:26:09	413.3	418	404.4	-270.1	-270.1
10:26:10	413.3	418	404.4	-270.1	-270.1
10:26:11	413.4	418.1	404.4	-270.1	-270.1
10:26:12	413.4	418.1	404.1	-270.1	-270.1
10:26:13	413.4	418.1	403.7	-270.1	-270.1
10:26:14	413.4	418.1	403.1	-270.1	-270.1
10:26:15	413.4	418.1	402.3	-270.1	-270.1
10:26:16	413.4	418.1	401.3	-270.1	-270.1
10:26:17	413.5	418.1	400	-270.1	-270.1
10:26:18	413.5	418.1	398.4	-270.1	-270.1
10:26:19	413.5	418.1	396.5	-270.1	-270.1
10:26:20	413.5	418.1	394.6	-270.1	-270.1
10:26:21	413.5	418.1	392.3	-270.1	-270.1
10:26:22	413.5	418.1	389.9	-270.1	-270.1
10:26:23	413.5	418.1	387.1	-270.1	-270.1
10:26:24	413.5	418.1	384	-270.1	-270.1
10:26:25	413.5	418.2	380.4	-270.1	-270.1
10:26:26	413.5	418.2	376.6	-270.1	-270.1
10:26:27	413.5	418.2	372.7	-270.1	-270.1
10:26:28	413.5	418.2	368.6	-270.1	-270.1
10:26:29	413.5	418.2	364.4	-270.1	-270.1
10:26:30	413.5	418.2	359.9	-270.1	-270.1
10:26:31	413.5	418.2	355.5	-270.1	-270.1
10:26:32	413.5	418.2	350.5	-270.1	-270.1
10:26:33	413.5	418.2	343.9	-270.1	-270.1
10:26:34	413.5	418.2	336.2	-270.1	-270.1
10:26:35	413.5	418.2	328.3	-270.1	-270.1
10:26:36	413.5	418.2	321.6	-270.1	-270.1
10:26:37	413.5	418.2	316.3	-270.1	-270.1
10:26:38	413.5	418.2	311.9	-270.1	-270.1
10:26:39	413.5	418.2	307.9	-270.1	-270.1
10:26:40	413.5	418.2	304.3	-270.1	-270.1
10:26:41	413.5	418.2	300.7	-270.1	-270.1
10:26:42	413.5	418.2	297.2	-270.1	-270.1
10:26:43	413.5	418.2	293.8	-270.1	-270.1
10:26:44	413.5	418.2	290.6	-270.1	-270.1
10:26:45	413.5	418.2	287.3	-270.1	-270.1
10:26:46	413.5	418.2	284	-270.1	-270.1
10:26:47	413.5	418.2	280.8	-270.1	-270.1
10:26:48	413.5	418.2	277.7	-270.1	-270.1
10:26:49	413.5	418.2	274.6	-270.1	-270.1
10:26:50	413.5	418.2	274.6	-270.1	-270.1
10:26:51	413.5	418.2	271.6	-270.1	-270.1
10:26:52	413.5	418.2	268.7	-270.1	-270.1
10:26:53	413.5	418.2	265.8	-270.1	-270.1
10:26:54	413.5	418.2	263	-270.1	-270.1
10:26:55	413.5	418.2	260.1	-270.1	-270.1
10:26:56	413.5	418.2	256.5	-270.1	-270.1
10:26:57	413.5	418.2	251.8	-270.1	-270.1
10:26:58	413.5	418.2	247	-270.1	-270.1
10:26:59	413.5	418.2	242.6	-270.1	-270.1
10:27:00	413.5	418.2	238.7	-270.1	-270.1
10:27:01	413.5	418.2	235.3	-270.1	-270.1
10:27:02	413.5	418.2	232.1	-270.1	-270.1
10:27:03	413.5	418.2	229.1	-270.1	-270.1
10:27:04	413.5	418.2	226.4	-270.1	-270.1
10:27:05	413.5	418.2	223.9	-270.1	-270.1
10:27:06	413.5	418.2	221.5	-270.1	-270.1
10:27:07	413.5	418.3	218.8	-270.1	-270.1
10:27:08	413.5	418.3	215.9	-270.1	-270.1
10:27:09	413.5	418.2	212.9	-270.1	-270.1
10:27:10	413.5	418.2	209.7	-270.1	-270.1
10:27:11	413.5	418.2	206.4	-270.1	-270.1
10:27:12	413.5	418.2	203	-270.1	-270.1
10:27:13	413.5	418.2	200	-270.1	-270.1
10:27:14	413.4	418.2	197.5	-270.1	-270.1
10:27:15	413.4	418.2	195.5	-270.1	-270.1
10:27:16	413.5	418.2	193.7	-270.1	-270.1
10:27:17	413.5	418.3	192.1	-270.1	-270.1
10:27:18	413.5	418.3	190.5	-270.1	-270.1
10:27:19	413.4	418.3	189	-270.1	-270.1
10:27:20	413.4	418.3	187.6	-270.1	-270.1
10:27:21	413.4	418.3	186.2	-270.1	-270.1
10:27:22	413.4	418.3	184.8	-270.1	-270.1
10:27:23	413.4	418.3	183.4	-270.1	-270.1
10:27:24	413.4	418.3	182.1	-270.1	-270.1
10:27:25	413.4	418.3	180.8	-270.1	-270.1
10:27:26	413.4	418.3	179.6	-270.1	-270.1
10:27:27	413.5	418.4	178.3	-270.1	-270.1
10:27:28	413.5	418.4	177	-270.1	-270.1
10:27:30	413.4	418.4	174.5	-270.1	-270.1
10:27:32	413.4	418.4	172.1	-270.1	-270.1
10:27:34	413.5	418.4	169.8	-270.1	-270.1
10:27:35	413.5	418.4	168.7	-270.1	-270.1
10:27:36	413.5	418.4	167.6	-270.1	-270.1
10:27:37	413.5	418.5	166.4	-270.1	-270.1
10:27:38	413.5	418.5	165.3	-270.1	-270.1
10:27:39	413.5	418.5	164.2	-270.1	-270.1
10:27:40	413.5	418.5	163.1	-270.1	-270.1
10:27:41	413.5	418.5	162	-270.1	-270.1
10:27:42	413.5	418.5	161	-270.1	-270.1
10:27:43	413.5	418.5	159.9	-270.1	-270.1
10:27:44	413.5	418.5	158.9	-270.1	-270.1
10:27:45	413.5	418.5	157.9	-270.1	-270.1
10:27:46	413.5	418.5	156.9	-270.1	-270.1
10:27:47	413.5	418.5	156	-270.1	-270.1
10:27:48	413.5	418.5	155	-270.1	-270.1
10:27:49	413.5	418.5	154.1	-270.1	-270.1
10:27:50	413.5	418.5	153.2	-270.1	-270.1
10:27:51	413.5	418.5	152.2	-270.1	-270.1
10:27:52	413.5	418.6	151.3	-270.1	-270.1
10:27:53	413.5	418.6	150.4	-270.1	-270.1
10:27:54	413.5	418.6	149.6	-270.1	-270.1
10:27:55	413.5	418.6	148.7	-270.1	-270.1
10:27:56	413.5	418.6	147.8	-270.1	-270.1
10:27:57	413.5	418.6	147.8	-270.1	-270.1
10:27:58	413.5	418.6	146.9	-270.1	-270.1
10:27:59	413.5	418.6	146	-270.1	-270.1
10:28:00	413.5	418.6	145.2	-270.1	-270.1
10:28:01	413.5	418.6	144.4	-270.1	-270.1
10:28:02	413.5	418.6	143.2	-270.1	-270.1
10:28:03	413.5	418.6	141.7	-270.1	-270.1
10:28:04	413.5	418.6	140	-270.1	-270.1
10:28:05	413.5	418.6	138.4	-270.1	-270.1
10:28:06	413.5	418.6	136.7	-270.1	-270.1
10:28:07	413.5	418.6	135.1	-270.1	-270.1
10:28:08	413.5	418.6	133.5	-270.1	-270.1
10:28:09	413.5	418.6	131.9	-270.1	-270.1
10:28:10	413.5	418.6	130.4	-270.1	-270.1
10:28:11	413.5	418.6	128.9	-270.1	-270.1
10:28:12	413.5	418.6	127.6	-270.1	-270.1
10:28:13	413.5	418.7	126.4	-270.1	-270.1
10:28:14	413.5	418.6	125.3	-270.1	-270.1
10:28:15	413.5	418.6	124.1	-270.1	-270.1
10:28:16	413.5	418.7	122.7	-270.1	-270.1
10:28:17	413.5	418.7	121.4	-270.1	-270.1
10:28:18	413.5	418.7	120.1	-270.1	-270.1
10:28:19	413.6	418.7	118.8	-270.1	-270.1
10:28:20	413.6	418.7	117.6	-270.1	-270.1
10:28:21	413.6	418.7	116.3	-270.1	-270.1
10:28:22	413.6	418.7	115.1	-270.1	-270.1
10:28:23	413.6	418.7	114.1	-270.1	-270.1
10:28:24	413.6	418.7	113.5	-270.1	-270.1
10:28:25	413.6	418.7	113	-270.1	-270.1
10:28:26	413.6	418.7	112.5	-270.1	-270.1
10:28:27	413.6	418.7	112.1	-270.1	-270.1
10:28:28	413.7	418.7	111.7	-270.1	-270.1
10:28:29	413.7	418.7	111.2	-270.1	-270.1
10:28:30	413.7	418.7	110.8	-270.1	-270.1
10:28:31	413.7	418.7	110.4	-270.1	-270.1
10:28:32	413.7	418.7	110	-270.1	-270.1
10:28:33	413.7	418.7	109.6	-270.1	-270.1
10:28:34	413.7	418.7	109.2	-270.1	-270.1
10:28:35	413.7	418.7	108.9	-270.1	-270.1
10:28:36	413.7	418.7	108.6	-270.1	-270.1
10:28:37	413.7	418.7	108.3	-270.1	-270.1
10:28:38	413.7	418.6	108	-270.1	-270.1
10:28:39	413.7	418.6	107.6	-270.1	-270.1
10:28:40	413.7	418.6	107.1	-270.1	-270.1
10:28:41	413.7	418.6	106.5	-270.1	-270.1
10:28:42	413.7	418.6	106.2	-270.1	-270.1
10:28:43	413.7	418.6	106.2	-270.1	-270.1
10:28:44	413.7	418.6	106.4	-270.1	-270.1
10:28:45	413.7	418.6	106.6	-270.1	-270.1
10:28:46	413.8	418.7	106.9	-270.1	-270.1
10:28:47	413.8	418.7	107.3	-270.1	-270.1
10:28:48	413.8	418.7	107.8	-270.1	-270.1
10:28:49	413.8	418.7	108.6	-270.1	-270.1
10:28:50	413.7	418.6	109.6	-270.1	-270.1
10:28:51	413.7	418.6	110.9	-270.1	-270.1
10:28:52	413.8	418.7	112.6	-270.1	-270.1
10:28:53	413.8	418.7	114.7	-270.1	-270.1
10:28:54	413.7	418.6	117.2	-270.1	-270.1
10:28:55	413.7	418.6	120.1	-270.1	-270.1
10:28:56	413.7	418.7	123.6	-270.1	-270.1
10:28:57	413.7	418.7	127.4	-270.1	-270.1
10:28:58	413.7	418.7	131.5	-270.1	-270.1
10:28:59	413.7	418.7	135.9	-270.1	-270.1
10:29:00	413.6	418.7	140.5	-270.1	-270.1
10:29:01	413.6	418.7	145.3	-270.1	-270.1
10:29:02	413.6	418.7	150.2	-270.1	-270.1
10:29:03	413.5	418.7	155.2	-270.1	-270.1
10:29:04	413.6	418.8	160.2	-270.1	-270.1
10:29:05	413.5	418.8	160.2	-270.1	-270.1
10:29:06	413.5	418.8	165.2	-270.1	-270.1
10:29:07	413.4	418.8	170	-270.1	-270.1
10:29:08	413.4	418.7	174.8	-270.1	-270.1
10:29:09	413.3	418.8	179.3	-270.1	-270.1
10:29:10	413.4	418.8	183.6	-270.1	-270.1
10:29:11	413.3	418.8	187.9	-270.1	-270.1
10:29:12	413.3	418.8	191.9	-270.1	-270.1
10:29:13	413.3	418.8	195.7	-270.1	-270.1
10:29:14	413.3	418.8	199.5	-270.1	-270.1
10:29:15	413.3	418.8	203.1	-270.1	-270.1
10:29:16	413.2	418.8	206.7	-270.1	-270.1
10:29:17	413.2	418.8	210.3	-270.1	-270.1
10:29:18	413.2	418.8	213.8	-270.1	-270.1
10:29:19	413.2	418.8	217.3	-270.1	-270.1
10:29:20	413.2	418.8	220.7	-270.1	-270.1
10:29:21	413.1	418.8	224	-270.1	-270.1
10:29:22	413.1	418.8	227.2	-270.1	-270.1
10:29:23	413.1	418.8	230.4	-270.1	-270.1
10:29:24	413.1	418.8	233.6	-270.1	-270.1
10:29:25	413.1	418.8	236.7	-270.1	-270.1
10:29:26	413	418.8	239.6	-270.1	-270.1
10:29:27	413	418.8	242.5	-270.1	-270.1
10:29:28	413.1	418.8	245.4	-270.1	-270.1
10:29:29	413.1	418.8	248.4	-270.1	-270.1
10:29:30	413.1	418.8	251.2	-270.1	-270.1
10:29:31	413.1	418.8	254	-270.1	-270.1
10:29:32	413.1	418.8	256.7	-270.1	-270.1
10:29:33	413	418.8	259.4	-270.1	-270.1
10:29:34	413	418.8	262	-270.1	-270.1
10:29:35	413	418.8	264.6	-270.1	-270.1
10:29:36	413	418.8	267.1	-270.1	-270.1
10:29:37	413	418.8	269.6	-270.1	-270.1
10:29:38	413	418.8	272	-270.1	-270.1
10:29:39	413	418.8	274.4	-270.1	-270.1
10:29:40	413	418.7	276.8	-270.1	-270.1
10:29:41	412.9	418.7	279	-270.1	-270.1
10:29:42	412.9	418.7	281.3	-270.1	-270.1
10:29:43	412.9	418.7	283.5	-270.1	-270.1
10:29:44	412.9	418.7	285.7	-270.1	-270.1
10:29:45	412.9	418.7	287.8	-270.1	-270.1
10:29:46	412.9	418.7	289.9	-270.1	-270.1
10:29:47	412.9	418.7	291.9	-270.1	-270.1
10:29:48	412.9	418.7	294	-270.1	-270.1
10:29:49	412.9	418.7	296	-270.1	-270.1
10:29:50	412.8	418.6	297.9	-270.1	-270.1
10:29:51	412.8	418.6	299.8	-270.1	-270.1
10:29:52	412.8	418.6	301.7	-270.1	-270.1
10:29:53	412.8	418.6	303.5	-270.1	-270.1
10:29:54	412.8	418.6	305.3	-270.1	-270.1
10:29:55	412.8	418.6	307.1	-270.1	-270.1
10:29:56	412.8	418.6	308.8	-270.1	-270.1
10:29:57	412.8	418.6	310.4	-270.1	-270.1
10:29:58	412.8	418.6	312.1	-270.1	-270.1
10:29:59	412.8	418.6	313.7	-270.1	-270.1
10:30:00	412.7	418.6	315.4	-270.1	-270.1
10:30:01	412.7	418.5	317	-270.1	-270.1
10:30:02	412.7	418.5	318.5	-270.1	-270.1
10:30:03	412.7	418.5	320.1	-270.1	-270.1
10:30:04	412.7	418.5	321.6	-270.1	-270.1
10:30:05	412.7	418.5	323	-270.1	-270.1
10:30:06	412.7	418.5	324.5	-270.1	-270.1
10:30:07	412.7	418.5	325.9	-270.1	-270.1
10:30:08	412.7	418.5	327.3	-270.1	-270.1
10:30:09	412.7	418.5	328.7	-270.1	-270.1
10:30:10	412.7	418.5	330	-270.1	-270.1
10:30:11	412.7	418.5	331.3	-270.1	-270.1
10:30:12	412.6	418.5	332.6	-270.1	-270.1
10:30:13	412.6	418.5	332.6	-270.1	-270.1
10:30:14	412.6	418.5	333.8	-270.1	-270.1
10:30:15	412.6	418.5	335.1	-270.1	-270.1
10:30:16	412.6	418.4	336.3	-270.1	-270.1
10:30:17	412.6	418.5	337.5	-270.1	-270.1
10:30:18	412.6	418.4	338.7	-270.1	-270.1
10:30:19	412.6	418.4	339.8	-270.1	-270.1
10:30:20	412.6	418.4	340.9	-270.1	-270.1
10:30:21	412.6	418.4	342	-270.1	-270.1
10:30:22	412.6	418.4	343.1	-270.1	-270.1
10:30:23	412.6	418.4	344.2	-270.1	-270.1
10:30:24	412.5	418.4	345.3	-270.1	-270.1
10:30:25	412.5	418.4	346.3	-270.1	-270.1
10:30:26	412.5	418.4	347.3	-270.1	-270.1
10:30:27	412.5	418.4	348.3	-270.1	-270.1
10:30:28	412.5	418.4	349.3	-270.1	-270.1
10:30:29	412.5	418.4	350.2	-270.1	-270.1
10:30:30	412.5	418.4	351.1	-270.1	-270.1
10:30:31	412.5	418.4	352.1	-270.1	-270.1
10:30:32	412.5	418.5	352.9	-270.1	-270.1
10:30:33	412.5	418.5	353.8	-270.1	-270.1
10:30:34	412.5	418.5	354.7	-270.1	-270.1
10:30:35	412.5	418.5	355.5	-270.1	-270.1
10:30:36	412.5	418.5	356.3	-270.1	-270.1
10:30:37	412.5	418.5	357.1	-270.1	-270.1
10:30:38	412.5	418.5	357.8	-270.1	-270.1
10:30:39	412.5	418.5	358.6	-270.1	-270.1
10:30:40	412.5	418.5	359.4	-270.1	-270.1
10:30:41	412.5	418.5	360.1	-270.1	-270.1
10:30:42	412.5	418.5	360.9	-270.1	-270.1
10:30:43	412.5	418.5	361.6	-270.1	-270.1
10:30:44	412.5	418.5	362.3	-270.1	-270.1
10:30:45	412.5	418.5	363	-270.1	-270.1
10:30:46	412.5	418.5	363.7	-270.1	-270.1
10:30:47	412.5	418.5	364.3	-270.1	-270.1
10:30:48	412.5	418.5	365	-270.1	-270.1
10:30:49	412.5	418.5	365.7	-270.1	-270.1
10:30:50	412.5	418.5	366.3	-270.1	-270.1
10:30:51	412.5	418.5	366.9	-270.1	-270.1
10:30:52	412.5	418.5	367.5	-270.1	-270.1
10:30:53	412.5	418.5	368.1	-270.1	-270.1
10:30:54	412.5	418.5	368.7	-270.1	-270.1
10:30:55	412.5	418.5	369.3	-270.1	-270.1
10:30:56	412.5	418.5	369.8	-270.1	-270.1
10:30:57	412.5	418.5	370.4	-270.1	-270.1
10:30:58	412.5	418.5	371	-270.1	-270.1
10:30:59	412.5	418.5	371.5	-270.1	-270.1
10:31:00	412.5	418.5	372.1	-270.1	-270.1
10:31:01	412.5	418.5	372.6	-270.1	-270.1
10:31:02	412.5	418.5	373.1	-270.1	-270.1
10:31:03	412.5	418.5	373.7	-270.1	-270.1
10:31:04	412.5	418.5	374.2	-270.1	-270.1
10:31:05	412.5	418.5	374.6	-270.1	-270.1
10:31:06	412.5	418.5	375.1	-270.1	-270.1
10:31:07	412.5	418.5	375.6	-270.1	-270.1
10:31:08	412.5	418.5	376.1	-270.1	-270.1
10:31:09	412.5	418.5	376.5	-270.1	-270.1
10:31:10	412.5	418.5	377	-270.1	-270.1
10:31:11	412.5	418.5	377.5	-270.1	-270.1
10:31:12	412.5	418.5	377.9	-270.1	-270.1
10:31:13	412.5	418.5	378.3	-270.1	-270.1
10:31:14	412.5	418.5	378.7	-270.1	-270.1
10:31:15	412.5	418.5	379.1	-270.1	-270.1
10:31:16	412.5	418.5	379.5	-270.1	-270.1
10:31:17	412.5	418.5	379.9	-270.1	-270.1
10:31:18	412.5	418.5	380.3	-270.1	-270.1
10:31:19	412.5	418.6	380.7	-270.1	-270.1
10:31:20	412.4	418.5	380.7	-270.1	-270.1
10:31:21	412.4	418.5	381	-270.1	-270.1
10:31:22	412.5	418.6	381.3	-270.1	-270.1
10:31:23	412.5	418.6	381.7	-270.1	-270.1
10:31:24	412.4	418.5	382	-270.1	-270.1
10:31:25	412.4	418.5	382.3	-270.1	-270.1
10:31:26	412.5	418.6	382.7	-270.1	-270.1
10:31:27	412.5	418.6	383	-270.1	-270.1
10:31:28	412.4	418.5	383.4	-270.1	-270.1
10:31:29	412.4	418.5	383.7	-270.1	-270.1
10:31:30	412.4	418.6	384	-270.1	-270.1
10:31:31	412.4	418.6	384.3	-270.1	-270.1
10:31:32	412.5	418.6	384.6	-270.1	-270.1
10:31:33	412.5	418.6	385	-270.1	-270.1
10:31:34	412.5	418.6	385.3	-270.1	-270.1
10:31:35	412.5	418.6	385.5	-270.1	-270.1
10:31:36	412.5	418.7	385.8	-270.1	-270.1
10:31:37	412.5	418.7	386.1	-270.1	-270.1
10:31:38	412.5	418.7	386.4	-270.1	-270.1
10:31:39	412.5	418.7	386.6	-270.1	-270.1
10:31:40	412.5	418.7	386.9	-270.1	-270.1
10:31:41	412.6	418.7	387.2	-270.1	-270.1
10:31:42	412.6	418.7	387.4	-270.1	-270.1
10:31:43	412.6	418.7	387.7	-270.1	-270.1
10:31:44	412.6	418.7	387.9	-270.1	-270.1
10:31:45	412.6	418.7	388.2	-270.1	-270.1
10:31:46	412.6	418.7	388.4	-270.1	-270.1
10:31:47	412.6	418.8	388.6	-270.1	-270.1
10:31:48	412.6	418.8	388.8	-270.1	-270.1
10:31:49	412.6	418.8	389	-270.1	-270.1
10:31:50	412.6	418.8	389.2	-270.1	-270.1
10:31:51	412.5	418.8	389.4	-270.1	-270.1
10:31:52	412.5	418.8	389.6	-270.1	-270.1
10:31:53	412.5	418.8	389.9	-270.1	-270.1
10:31:54	412.5	418.8	390.1	-270.1	-270.1
10:31:55	412.6	418.8	390.3	-270.1	-270.1
10:31:56	412.5	418.8	390.5	-270.1	-270.1
10:31:57	412.5	418.8	390.7	-270.1	-270.1
10:31:58	412.5	418.9	390.9	-270.1	-270.1
10:31:59	412.6	418.9	391.1	-270.1	-270.1
10:32:00	412.6	418.9	391.3	-270.1	-270.1
10:32:01	412.6	418.9	391.5	-270.1	-270.1
10:32:02	412.6	418.9	391.6	-270.1	-270.1
10:32:03	412.6	418.9	391.8	-270.1	-270.1
10:32:04	412.6	418.9	392	-270.1	-270.1
10:32:05	412.6	418.9	392.2	-270.1	-270.1
10:32:06	412.6	419	392.4	-270.1	-270.1
10:32:07	412.6	419	392.5	-270.1	-270.1
10:32:08	412.6	419	392.7	-270.1	-270.1
10:32:09	412.6	419	392.9	-270.1	-270.1
10:32:10	412.6	419	393	-270.1	-270.1
10:32:11	412.6	419	393.2	-270.1	-270.1
10:32:12	412.6	419	393.3	-270.1	-270.1
10:32:13	412.6	419	393.5	-270.1	-270.1
10:32:14	412.6	419	393.6	-270.1	-270.1
10:32:15	412.6	419	393.8	-270.1	-270.1
10:32:16	412.6	419	393.9	-270.1	-270.1
10:32:17	412.6	419	394.1	-270.1	-270.1
10:32:18	412.6	419.1	394.2	-270.1	-270.1
10:32:19	412.6	419.1	394.3	-270.1	-270.1
10:32:20	412.6	419.1	394.5	-270.1	-270.1
10:32:21	412.6	419.1	394.6	-270.1	-270.1
10:32:22	412.6	419.1	394.7	-270.1	-270.1
10:32:23	412.6	419.2	394.9	-270.1	-270.1
10:32:24	412.6	419.2	395	-270.1	-270.1
10:32:25	412.6	419.1	395.1	-270.1	-270.1
10:32:26	412.6	419.1	395.2	-270.1	-270.1
10:32:27	412.6	419.2	395.4	-270.1	-270.1
10:32:28	412.6	419.2	395.4	-270.1	-270.1
10:32:29	412.5	419.1	395.5	-270.1	-270.1
10:32:30	412.5	419.2	395.6	-270.1	-270.1
10:32:31	412.5	419.2	395.7	-270.1	-270.1
10:32:32	412.5	419.2	395.8	-270.1	-270.1
10:32:33	412.5	419.2	396	-270.1	-270.1
10:32:34	412.5	419.2	396.1	-270.1	-270.1
10:32:35	412.5	419.2	396.2	-270.1	-270.1
10:32:36	412.5	419.2	396.3	-270.1	-270.1
10:32:37	412.5	419.2	396.4	-270.1	-270.1
10:32:38	412.5	419.2	396.5	-270.1	-270.1
10:32:39	412.5	419.2	396.6	-270.1	-270.1
10:32:40	412.5	419.2	396.7	-270.1	-270.1
10:32:41	412.5	419.2	396.8	-270.1	-270.1
10:32:42	412.5	419.2	396.9	-270.1	-270.1
10:32:43	412.5	419.2	397	-270.1	-270.1
10:32:44	412.5	419.2	397.1	-270.1	-270.1
10:32:45	412.5	419.2	397.2	-270.1	-270.1
10:32:46	412.5	419.2	397.3	-270.1	-270.1
10:32:47	412.5	419.2	397.4	-270.1	-270.1
10:32:48	412.5	419.2	397.5	-270.1	-270.1
10:32:49	412.5	419.2	397.6	-270.1	-270.1
10:32:50	412.5	419.2	397.6	-270.1	-270.1
10:32:51	412.5	419.2	397.7	-270.1	-270.1
10:32:52	412.5	419.2	397.8	-270.1	-270.1
10:32:53	412.5	419.2	397.9	-270.1	-270.1
10:32:54	412.5	419.2	397.9	-270.1	-270.1
10:32:55	412.5	419.2	398	-270.1	-270.1
10:32:56	412.6	419.2	398.1	-270.1	-270.1
10:32:57	412.6	419.3	398.3	-270.1	-270.1
10:32:58	412.6	419.3	398.4	-270.1	-270.1
10:32:59	412.6	419.3	398.4	-270.1	-270.1
10:33:00	412.7	419.3	398.5	-270.1	-270.1
10:33:01	412.7	419.3	398.6	-270.1	-270.1
10:33:02	412.7	419.3	398.7	-270.1	-270.1
10:33:03	412.6	419.3	398.7	-270.1	-270.1
10:33:04	412.6	419.3	398.8	-270.1	-270.1
10:33:05	412.7	419.4	398.9	-270.1	-270.1
10:33:06	412.7	419.4	399	-270.1	-270.1
10:33:07	412.7	419.4	399.1	-270.1	-270.1
10:33:08	412.7	419.4	399.1	-270.1	-270.1
10:33:09	412.7	419.4	399.2	-270.1	-270.1
10:33:10	412.7	419.4	399.3	-270.1	-270.1
10:33:11	412.7	419.4	399.4	-270.1	-270.1
10:33:12	412.7	419.4	399.4	-270.1	-270.1
10:33:13	412.7	419.5	399.5	-270.1	-270.1
10:33:14	412.7	419.5	399.6	-270.1	-270.1
10:33:15	412.7	419.5	399.6	-270.1	-270.1
10:33:16	412.7	419.5	399.7	-270.1	-270.1
10:33:17	412.7	419.5	399.8	-270.1	-270.1
10:33:18	412.7	419.5	399.9	-270.1	-270.1
10:33:19	412.6	419.5	399.9	-270.1	-270.1
10:33:20	412.6	419.5	399.9	-270.1	-270.1
10:33:21	412.7	419.6	400.1	-270.1	-270.1
10:33:22	412.7	419.6	400.1	-270.1	-270.1
10:33:23	412.7	419.6	400.2	-270.1	-270.1
10:33:24	412.7	419.6	400.2	-270.1	-270.1
10:33:25	412.7	419.6	400.3	-270.1	-270.1
10:33:26	412.7	419.7	400.3	-270.1	-270.1
10:33:27	412.7	419.7	400.3	-270.1	-270.1
10:33:28	412.7	419.7	400.4	-270.1	-270.1
10:33:29	412.7	419.7	400.4	-270.1	-270.1
10:33:30	412.7	419.7	400.5	-270.1	-270.1
10:33:31	412.6	419.7	400.5	-270.1	-270.1
10:33:32	412.6	419.8	400.6	-270.1	-270.1
10:33:33	412.6	419.8	400.6	-270.1	-270.1
10:33:34	412.6	419.8	400.7	-270.1	-270.1
10:33:35	412.6	419.8	400.7	-270.1	-270.1
10:33:36	412.6	419.8	400.7	-270.1	-270.1
10:33:37	412.6	419.8	400.8	-270.1	-270.1
10:33:38	412.6	419.8	400.8	-270.1	-270.1
10:33:39	412.6	419.8	400.9	-270.1	-270.1
10:33:40	412.6	419.8	401	-270.1	-270.1
10:33:41	412.6	419.8	401	-270.1	-270.1
10:33:42	412.6	419.8	401.1	-270.1	-270.1
10:33:43	412.7	419.8	401.2	-270.1	-270.1
10:33:44	412.7	419.8	401.2	-270.1	-270.1
10:33:45	412.7	419.8	401.3	-270.1	-270.1
10:33:46	412.7	419.8	401.3	-270.1	-270.1
10:33:47	412.7	419.8	401.4	-270.1	-270.1
10:33:48	412.7	419.8	401.5	-270.1	-270.1
10:33:49	412.7	419.9	401.5	-270.1	-270.1
10:33:50	412.7	419.9	401.6	-270.1	-270.1
10:33:51	412.7	419.8	401.6	-270.1	-270.1
10:33:52	412.7	419.8	401.7	-270.1	-270.1
10:33:53	412.7	419.9	401.7	-270.1	-270.1
10:33:54	412.7	419.9	401.8	-270.1	-270.1
10:33:55	412.7	419.9	401.8	-270.1	-270.1
10:33:56	412.8	419.9	401.9	-270.1	-270.1
10:33:57	412.8	419.9	402	-270.1	-270.1
10:33:58	412.8	419.9	402.1	-270.1	-270.1
10:33:59	412.8	419.9	402.1	-270.1	-270.1
10:34:00	412.8	419.9	402.2	-270.1	-270.1
10:34:01	412.8	419.9	402.2	-270.1	-270.1
10:34:02	412.8	419.9	402.2	-270.1	-270.1
10:34:03	412.9	419.9	402.3	-270.1	-270.1
10:34:04	412.9	419.9	402.3	-270.1	-270.1
10:34:05	412.9	419.9	402.4	-270.1	-270.1
10:34:06	412.9	419.9	402.4	-270.1	-270.1
10:34:07	412.9	419.9	402.5	-270.1	-270.1
10:34:08	412.9	419.9	402.5	-270.1	-270.1
10:34:09	412.9	419.9	402.6	-270.1	-270.1
10:34:10	412.9	419.9	402.6	-270.1	-270.1
10:34:11	412.9	419.9	402.6	-270.1	-270.1
10:34:12	412.9	419.9	402.6	-270.1	-270.1
10:34:13	412.9	419.9	402.6	-270.1	-270.1
10:34:14	412.9	419.9	402.7	-270.1	-270.1
10:34:15	412.9	419.9	402.7	-270.1	-270.1
10:34:16	412.9	419.9	402.7	-270.1	-270.1
10:34:17	412.9	419.9	402.8	-270.1	-270.1
10:34:18	412.9	419.9	402.8	-270.1	-270.1
10:34:19	412.8	419.9	402.9	-270.1	-270.1
10:34:20	412.8	419.9	402.9	-270.1	-270.1
10:34:21	412.8	419.9	402.9	-270.1	-270.1
10:34:22	412.8	419.9	403	-270.1	-270.1
10:34:23	412.7	419.8	402.9	-270.1	-270.1
10:34:24	412.7	419.8	403	-270.1	-270.1
10:34:25	412.8	419.9	403	-270.1	-270.1
10:34:26	412.8	419.9	403	-270.1	-270.1
10:34:27	412.8	419.9	403.1	-270.1	-270.1
10:34:28	412.8	419.9	403.1	-270.1	-270.1
10:34:29	412.8	419.9	403.1	-270.1	-270.1
10:34:30	412.8	419.9	403.2	-270.1	-270.1
10:34:31	412.8	419.9	403.2	-270.1	-270.1
10:34:32	412.8	419.9	403.2	-270.1	-270.1
10:34:33	412.8	419.9	403.3	-270.1	-270.1
10:34:34	412.8	420	403.3	-270.1	-270.1
10:34:35	412.8	420	403.4	-270.1	-270.1
10:34:36	412.8	420	403.4	-270.1	-270.1
10:34:37	412.8	420	403.4	-270.1	-270.1
10:34:38	412.8	420	403.4	-270.1	-270.1
10:34:39	412.8	420	403.4	-270.1	-270.1
10:34:40	412.8	420	403.4	-270.1	-270.1
10:34:41	412.8	420	403.5	-270.1	-270.1
10:34:42	412.8	420	403.5	-270.1	-270.1
10:34:43	412.8	420	403.5	-270.1	-270.1
10:34:44	412.8	420	403.5	-270.1	-270.1
10:34:45	412.8	420	403.6	-270.1	-270.1
10:34:46	412.8	420.1	403.6	-270.1	-270.1
10:34:47	412.8	420.1	403.6	-270.1	-270.1
10:34:48	412.8	420.1	403.6	-270.1	-270.1
10:34:49	412.8	420.1	403.7	-270.1	-270.1
10:34:50	412.8	420.1	403.7	-270.1	-270.1
10:34:51	412.8	420.1	403.7	-270.1	-270.1
10:34:52	412.8	420.1	403.7	-270.1	-270.1
10:34:53	412.8	420.1	403.8	-270.1	-270.1
10:34:54	412.8	420.1	403.8	-270.1	-270.1
10:34:55	412.8	420.2	403.8	-270.1	-270.1
10:34:56	412.8	420.2	403.8	-270.1	-270.1
10:34:57	412.8	420.2	403.8	-270.1	-270.1
10:34:58	412.8	420.2	403.8	-270.1	-270.1
10:34:59	412.8	420.2	403.9	-270.1	-270.1
10:35:00	412.8	420.2	403.9	-270.1	-270.1
10:35:01	412.8	420.2	403.9	-270.1	-270.1
10:35:02	412.9	420.2	403.9	-270.1	-270.1
10:35:03	412.9	420.2	404	-270.1	-270.1
10:35:04	412.9	420.3	404	-270.1	-270.1
10:35:05	412.9	420.3	404	-270.1	-270.1
10:35:06	412.9	420.3	404.1	-270.1	-270.1
10:35:07	412.9	420.3	404.1	-270.1	-270.1
10:35:08	412.9	420.3	404.2	-270.1	-270.1
10:35:09	412.9	420.3	404.2	-270.1	-270.1
10:35:10	412.9	420.3	404.2	-270.1	-270.1
10:35:11	412.9	420.3	404.3	-270.1	-270.1
10:35:12	412.9	420.3	404.3	-270.1	-270.1
10:35:13	413	420.4	404.4	-270.1	-270.1
10:35:14	413	420.4	404.4	-270.1	-270.1
10:35:15	413	420.3	404.4	-270.1	-270.1
10:35:16	413	420.3	404.4	-270.1	-270.1
10:35:17	413	420.4	404.4	-270.1	-270.1
10:35:18	413	420.4	404.5	-270.1	-270.1
10:35:19	413	420.4	404.5	-270.1	-270.1
10:35:20	413	420.4	404.5	-270.1	-270.1
10:35:21	413.1	420.4	404.6	-270.1	-270.1
10:35:22	413.1	420.4	404.6	-270.1	-270.1
10:35:23	413	420.4	404.5	-270.1	-270.1
10:35:24	413	420.4	404.5	-270.1	-270.1
10:35:25	413.1	420.4	404.6	-270.1	-270.1
10:35:26	413.1	420.5	404.7	-270.1	-270.1
10:35:27	413	420.4	404.6	-270.1	-270.1
10:35:28	413	420.4	404.7	-270.1	-270.1
10:35:29	413.1	420.5	404.7	-270.1	-270.1
10:35:30	413.1	420.5	404.8	-270.1	-270.1
10:35:31	413.1	420.5	404.8	-270.1	-270.1
10:35:32	413.1	420.5	404.8	-270.1	-270.1
10:35:33	413.1	420.5	404.8	-270.1	-270.1
10:35:34	413.1	420.5	404.9	-270.1	-270.1
10:35:35	413.1	420.5	404.9	-270.1	-270.1
10:35:36	413.1	420.5	404.9	-270.1	-270.1
10:35:37	413.1	420.5	404.9	-270.1	-270.1
10:35:38	413.1	420.5	404.9	-270.1	-270.1
10:35:39	413.1	420.5	405	-270.1	-270.1
10:35:40	413.1	420.5	405	-270.1	-270.1
10:35:41	413.1	420.5	405	-270.1	-270.1
10:35:42	413.1	420.5	405	-270.1	-270.1
10:35:43	413.1	420.5	405	-270.1	-270.1
10:35:44	413.1	420.5	405	-270.1	-270.1
10:35:45	413.1	420.5	405	-270.1	-270.1
10:35:46	413.1	420.5	405	-270.1	-270.1
10:35:47	413	420.4	405	-270.1	-270.1
10:35:48	413	420.4	405	-270.1	-270.1
10:35:49	413	420.5	405.1	-270.1	-270.1
10:35:50	413	420.5	405.1	-270.1	-270.1
10:35:51	413	420.4	405.1	-270.1	-270.1
10:35:52	413	420.4	405	-270.1	-270.1
10:35:53	413	420.5	405.1	-270.1	-270.1
10:35:54	413	420.5	405.2	-270.1	-270.1
10:35:55	413	420.5	405.2	-270.1	-270.1
10:35:56	413	420.5	405.2	-270.1	-270.1
10:35:57	413	420.4	405.2	-270.1	-270.1
10:35:58	413	420.4	405.2	-270.1	-270.1
10:35:59	413.1	420.5	405.2	-270.1	-270.1
10:36:00	413	420.5	405.3	-270.1	-270.1
10:36:01	413.1	420.5	405.4	-270.1	-270.1
10:36:02	413.1	420.5	405.4	-270.1	-270.1
10:36:03	413	420.5	405.4	-270.1	-270.1
10:36:04	413.1	420.5	405.3	-270.1	-270.1
10:36:05	413.1	420.5	405.3	-270.1	-270.1
10:36:06	413.1	420.5	405.4	-270.1	-270.1
10:36:07	413	420.5	405.4	-270.1	-270.1
10:36:08	413	420.5	405.4	-270.1	-270.1
10:36:09	413.1	420.4	405.4	-270.1	-270.1
10:36:10	413.1	420.5	405.4	-270.1	-270.1
10:36:11	413.1	420.5	405.4	-270.1	-270.1
10:36:12	413.1	420.5	405.4	-270.1	-270.1
10:36:13	413.1	420.5	405.4	-270.1	-270.1
10:36:14	413.1	420.5	405.4	-270.1	-270.1
10:36:15	413.1	420.5	405.5	-270.1	-270.1
10:36:16	413.1	420.5	405.5	-270.1	-270.1
10:36:17	413.1	420.5	405.5	-270.1	-270.1
10:36:18	413.1	420.5	405.5	-270.1	-270.1
10:36:19	413.1	420.6	405.5	-270.1	-270.1
10:36:20	413.1	420.6	405.5	-270.1	-270.1
10:36:21	413	420.5	405.5	-270.1	-270.1
10:36:22	413	420.5	405.5	-270.1	-270.1
10:36:23	413.1	420.6	405.6	-270.1	-270.1
10:36:24	413.1	420.6	405.6	-270.1	-270.1
10:36:25	413.1	420.6	405.6	-270.1	-270.1
10:36:26	413.1	420.6	405.7	-270.1	-270.1
10:36:27	413.1	420.6	405.7	-270.1	-270.1
10:36:28	413.1	420.6	405.7	-270.1	-270.1
10:36:29	413.1	420.7	405.8	-270.1	-270.1
10:36:30	413.1	420.7	405.8	-270.1	-270.1
10:36:31	413.2	420.7	405.8	-270.1	-270.1
10:36:32	413.2	420.7	405.9	-270.1	-270.1
10:36:33	413.2	420.7	405.9	-270.1	-270.1
10:36:34	413.2	420.7	405.9	-270.1	-270.1
10:36:35	413.2	420.7	405.9	-270.1	-270.1
10:36:36	413.2	420.7	406	-270.1	-270.1
10:36:37	413.2	420.8	406	-270.1	-270.1
10:36:38	413.2	420.8	406	-270.1	-270.1
10:36:39	413.2	420.8	406	-270.1	-270.1
10:36:40	413.2	420.8	406	-270.1	-270.1
10:36:41	413.2	420.8	406.1	-270.1	-270.1
10:36:42	413.2	420.8	406.1	-270.1	-270.1
10:36:43	413.2	420.8	406.1	-270.1	-270.1
10:36:44	413.2	420.8	406.1	-270.1	-270.1
10:36:45	413.2	420.8	406.1	-270.1	-270.1
10:36:46	413.2	420.8	406.1	-270.1	-270.1
10:36:47	413.2	420.8	406.2	-270.1	-270.1
10:36:48	413.2	420.8	406.2	-270.1	-270.1
10:36:49	413.2	420.8	406.2	-270.1	-270.1
10:36:50	413.2	420.9	406.2	-270.1	-270.1
10:36:51	413.2	420.9	406.2	-270.1	-270.1
10:36:52	413.3	420.9	406.2	-270.1	-270.1
10:36:53	413.2	420.9	406.2	-270.1	-270.1
10:36:54	413.3	420.9	406.2	-270.1	-270.1
10:36:55	413.3	420.9	406.2	-270.1	-270.1
10:36:56	413.3	420.9	406.2	-270.1	-270.1
10:36:57	413.3	420.9	406.2	-270.1	-270.1
10:36:58	413.3	420.9	406.3	-270.1	-270.1
10:36:59	413.3	420.9	406.2	-270.1	-270.1
10:37:00	413.3	420.9	406.3	-270.1	-270.1
10:37:01	413.3	420.9	406.3	-270.1	-270.1
10:37:02	413.3	420.9	406.3	-270.1	-270.1
10:37:03	413.3	420.9	406.3	-270.1	-270.1
10:37:04	413.3	420.9	406.3	-270.1	-270.1
10:37:05	413.3	420.9	406.3	-270.1	-270.1
10:37:06	413.3	420.9	406.3	-270.1	-270.1
10:37:07	413.3	420.9	406.4	-270.1	-270.1
10:37:08	413.3	420.9	406.4	-270.1	-270.1
10:37:09	413.3	420.9	406.4	-270.1	-270.1
10:37:10	413.3	420.9	406.4	-270.1	-270.1
10:37:11	413.3	420.9	406.4	-270.1	-270.1
10:37:12	413.3	420.9	406.5	-270.1	-270.1
10:37:13	413.2	420.9	406.5	-270.1	-270.1
10:37:14	413.2	420.9	406.4	-270.1	-270.1
10:37:15	413.3	420.9	406.5	-270.1	-270.1
10:37:16	413.2	420.9	406.5	-270.1	-270.1
10:37:17	413.2	420.9	406.5	-270.1	-270.1
10:37:18	413.2	420.9	406.5	-270.1	-270.1
10:37:19	413.2	420.9	406.5	-270.1	-270.1
10:37:20	413.2	420.9	406.5	-270.1	-270.1
10:37:21	413.2	420.9	406.5	-270.1	-270.1
10:37:22	413.2	420.9	406.5	-270.1	-270.1
10:37:23	413.2	420.9	406.6	-270.1	-270.1
10:37:24	413.2	420.8	406.5	-270.1	-270.1
10:37:25	413.2	420.8	406.5	-270.1	-270.1
10:37:26	413.3	420.8	406.6	-270.1	-270.1
10:37:27	413.3	420.9	406.7	-270.1	-270.1
10:37:28	413.3	420.9	406.7	-270.1	-270.1
10:37:29	413.3	420.9	406.7	-270.1	-270.1
10:37:30	413.3	420.9	406.7	-270.1	-270.1
10:37:31	413.3	420.9	406.7	-270.1	-270.1
10:37:32	413.3	420.9	406.7	-270.1	-270.1
10:37:33	413.3	420.9	406.7	-270.1	-270.1
10:37:34	413.3	420.9	406.7	-270.1	-270.1
10:37:35	413.3	420.9	406.7	-270.1	-270.1
10:37:36	413.3	420.9	406.8	-270.1	-270.1
10:37:37	413.3	420.9	406.8	-270.1	-270.1
10:37:38	413.3	420.9	406.8	-270.1	-270.1
10:37:39	413.3	420.9	406.8	-270.1	-270.1
10:37:40	413.3	420.9	406.8	-270.1	-270.1
10:37:41	413.3	420.9	406.9	-270.1	-270.1
10:37:42	413.3	420.9	406.9	-270.1	-270.1
10:37:43	413.3	420.9	406.9	-270.1	-270.1
10:37:44	413.3	420.9	406.9	-270.1	-270.1
10:37:45	413.3	420.9	406.9	-270.1	-270.1
10:37:46	413.3	420.9	406.9	-270.1	-270.1
10:37:47	413.3	420.9	406.9	-270.1	-270.1
10:37:48	413.3	420.9	406.9	-270.1	-270.1
10:37:49	413.3	421	406.9	-270.1	-270.1
10:37:50	413.3	421	406.9	-270.1	-270.1
10:37:51	413.3	421	406.9	-270.1	-270.1
10:37:52	413.3	421	407	-270.1	-270.1
10:37:53	413.3	421	407	-270.1	-270.1
10:37:54	413.3	421	407	-270.1	-270.1
10:37:55	413.3	421	407	-270.1	-270.1
10:37:56	413.3	421	407	-270.1	-270.1
10:37:57	413.3	421	407	-270.1	-270.1
10:37:58	413.3	421	407	-270.1	-270.1
10:37:59	413.3	421	407	-270.1	-270.1
10:38:00	413.3	421.1	407	-270.1	-270.1
10:38:01	413.3	421.1	407	-270.1	-270.1
10:38:02	413.4	421.1	407	-270.1	-270.1
10:38:03	413.4	421.1	407.1	-270.1	-270.1
10:38:04	413.4	421.1	407.1	-270.1	-270.1
10:38:05	413.4	421.1	407.1	-270.1	-270.1
10:38:06	413.4	421.1	407.1	-270.1	-270.1
10:38:07	413.4	421.1	407.1	-270.1	-270.1
10:38:08	413.4	421.1	407.2	-270.1	-270.1
10:38:09	413.4	421.2	407.2	-270.1	-270.1
10:38:10	413.4	421.2	407.2	-270.1	-270.1
10:38:11	413.4	421.2	407.3	-270.1	-270.1
10:38:12	413.5	421.2	407.3	-270.1	-270.1
10:38:13	413.4	421.2	407.3	-270.1	-270.1
10:38:14	413.4	421.3	407.3	-270.1	-270.1
10:38:15	413.4	421.3	407.3	-270.1	-270.1
10:38:16	413.5	421.3	407.3	-270.1	-270.1
10:38:17	413.4	421.3	407.4	-270.1	-270.1
10:38:18	413.5	421.3	407.4	-270.1	-270.1
10:38:19	413.4	421.3	407.4	-270.1	-270.1
10:38:20	413.4	421.2	407.4	-270.1	-270.1
10:38:21	413.4	421.2	407.4	-270.1	-270.1
10:38:22	413.4	421.2	407.4	-270.1	-270.1
10:38:23	413.4	421.2	407.4	-270.1	-270.1
10:38:24	413.4	421.2	407.4	-270.1	-270.1
10:38:25	413.4	421.2	407.4	-270.1	-270.1
10:38:26	413.4	421.2	407.4	-270.1	-270.1
10:38:27	413.4	421.3	407.4	-270.1	-270.1
10:38:29	413.5	421.3	407.4	-270.1	-270.1
10:38:31	413.4	421.3	407.5	-270.1	-270.1
10:38:32	413.4	421.3	407.5	-270.1	-270.1
10:38:33	413.4	421.3	407.5	-270.1	-270.1
10:38:34	413.4	421.3	407.5	-270.1	-270.1
10:38:35	413.4	421.3	407.5	-270.1	-270.1
10:38:36	413.4	421.3	407.6	-270.1	-270.1
10:38:37	413.4	421.3	407.6	-270.1	-270.1
10:38:38	413.4	421.3	407.6	-270.1	-270.1
10:38:39	413.4	421.3	407.6	-270.1	-270.1
10:38:40	413.4	421.3	407.6	-270.1	-270.1
10:38:41	413.4	421.3	407.6	-270.1	-270.1
10:38:42	413.4	421.3	407.6	-270.1	-270.1
10:38:43	413.4	421.3	407.6	-270.1	-270.1
10:38:44	413.4	421.3	407.6	-270.1	-270.1
10:38:45	413.4	421.3	407.6	-270.1	-270.1
10:38:46	413.4	421.3	407.6	-270.1	-270.1
10:38:47	413.4	421.3	407.7	-270.1	-270.1
10:38:48	413.4	421.3	407.7	-270.1	-270.1
10:38:49	413.4	421.3	407.7	-270.1	-270.1
10:38:50	413.4	421.3	407.7	-270.1	-270.1
10:38:51	413.4	421.3	407.6	-270.1	-270.1
10:38:52	413.4	421.3	407.6	-270.1	-270.1
10:38:53	413.4	421.3	407.6	-270.1	-270.1
10:38:54	413.4	421.3	407.6	-270.1	-270.1
10:38:55	413.4	421.3	407.7	-270.1	-270.1
10:38:56	413.4	421.3	407.7	-270.1	-270.1
10:38:57	413.4	421.3	407.7	-270.1	-270.1
10:38:58	413.4	421.3	407.7	-270.1	-270.1
10:38:59	413.4	421.3	407.7	-270.1	-270.1
10:39:00	413.4	421.3	407.7	-270.1	-270.1
10:39:01	413.4	421.3	407.8	-270.1	-270.1
10:39:02	413.4	421.3	407.8	-270.1	-270.1
10:39:03	413.4	421.3	407.8	-270.1	-270.1
10:39:04	413.4	421.3	407.8	-270.1	-270.1
10:39:05	413.4	421.3	407.8	-270.1	-270.1
10:39:06	413.4	421.3	407.8	-270.1	-270.1
10:39:07	413.4	421.3	407.8	-270.1	-270.1
10:39:08	413.4	421.4	407.8	-270.1	-270.1
10:39:09	413.4	421.4	407.9	-270.1	-270.1
10:39:10	413.4	421.4	407.9	-270.1	-270.1
10:39:11	413.4	421.4	407.9	-270.1	-270.1
10:39:12	413.4	421.4	407.9	-270.1	-270.1
10:39:13	413.4	421.4	407.9	-270.1	-270.1
10:39:14	413.4	421.4	407.9	-270.1	-270.1
10:39:15	413.4	421.4	407.9	-270.1	-270.1
10:39:16	413.4	421.4	407.9	-270.1	-270.1
10:39:17	413.4	421.4	407.9	-270.1	-270.1
10:39:18	413.4	421.4	408	-270.1	-270.1
10:39:19	413.4	421.4	408	-270.1	-270.1
10:39:20	413.4	421.4	408	-270.1	-270.1
10:39:21	413.4	421.4	408	-270.1	-270.1
10:39:22	413.4	421.4	407.9	-270.1	-270.1
10:39:23	413.4	421.4	407.9	-270.1	-270.1
10:39:24	413.4	421.4	407.9	-270.1	-270.1
10:39:25	413.4	421.4	408	-270.1	-270.1
10:39:26	413.4	421.4	408	-270.1	-270.1
10:39:27	413.4	421.4	408	-270.1	-270.1
10:39:28	413.4	421.5	408	-270.1	-270.1
10:39:29	413.4	421.5	408	-270.1	-270.1
10:39:30	413.4	421.5	408	-270.1	-270.1
10:39:31	413.4	421.5	408	-270.1	-270.1
10:39:32	413.4	421.5	408	-270.1	-270.1
10:39:33	413.4	421.5	408.1	-270.1	-270.1
10:39:34	413.4	421.5	408.1	-270.1	-270.1
10:39:35	413.4	421.5	408.1	-270.1	-270.1
10:39:36	413.4	421.5	408.1	-270.1	-270.1
10:39:37	413.4	421.6	408.1	-270.1	-270.1
10:39:38	413.4	421.6	408.1	-270.1	-270.1
10:39:39	413.4	421.6	408.1	-270.1	-270.1
10:39:40	413.4	421.6	408.2	-270.1	-270.1
10:39:41	413.4	421.6	408.2	-270.1	-270.1
10:39:42	413.4	421.6	408.2	-270.1	-270.1
10:39:43	413.4	421.6	408.2	-270.1	-270.1
10:39:44	413.4	421.6	408.2	-270.1	-270.1
10:39:45	413.4	421.7	408.2	-270.1	-270.1
10:39:46	413.4	421.7	408.2	-270.1	-270.1
10:39:47	413.4	421.7	408.2	-270.1	-270.1
10:39:48	413.4	421.7	408.2	-270.1	-270.1
10:39:49	413.4	421.7	408.3	-270.1	-270.1
10:39:50	413.4	421.7	408.3	-270.1	-270.1
10:39:51	413.4	421.7	408.3	-270.1	-270.1
10:39:52	413.4	421.7	408.3	-270.1	-270.1
10:39:53	413.4	421.7	408.3	-270.1	-270.1
10:39:54	413.4	421.7	408.3	-270.1	-270.1
10:39:55	413.4	421.7	408.3	-270.1	-270.1
10:39:56	413.4	421.7	408.3	-270.1	-270.1
10:39:57	413.4	421.7	408.3	-270.1	-270.1
10:39:58	413.5	421.8	408.3	-270.1	-270.1
10:39:59	413.5	421.7	408.3	-270.1	-270.1
10:40:00	413.5	421.8	408.3	-270.1	-270.1
10:40:01	413.4	421.8	408.3	-270.1	-270.1
10:40:02	413.5	421.8	408.3	-270.1	-270.1
10:40:03	413.4	421.7	408.3	-270.1	-270.1
10:40:04	413.4	421.8	408.3	-270.1	-270.1
10:40:05	413.5	421.8	408.4	-270.1	-270.1
10:40:06	413.4	421.8	408.4	-270.1	-270.1
10:40:07	413.4	421.8	408.4	-270.1	-270.1
10:40:08	413.4	421.8	408.4	-270.1	-270.1
10:40:09	413.5	421.8	408.5	-270.1	-270.1
10:40:10	413.5	421.8	408.5	-270.1	-270.1
10:40:11	413.5	421.7	408.4	-270.1	-270.1
10:40:12	413.5	421.7	408.5	-270.1	-270.1
10:40:13	413.5	421.7	408.5	-270.1	-270.1
10:40:14	413.5	421.7	408.5	-270.1	-270.1
10:40:15	413.5	421.7	408.5	-270.1	-270.1
10:40:16	413.5	421.7	408.5	-270.1	-270.1
10:40:17	413.5	421.7	408.5	-270.1	-270.1
10:40:18	413.5	421.7	408.6	-270.1	-270.1
10:40:19	413.5	421.7	408.6	-270.1	-270.1
10:40:20	413.5	421.7	408.6	-270.1	-270.1
10:40:21	413.5	421.7	408.6	-270.1	-270.1
10:40:22	413.5	421.7	408.6	-270.1	-270.1
10:40:23	413.5	421.7	408.6	-270.1	-270.1
10:40:24	413.5	421.7	408.6	-270.1	-270.1
10:40:25	413.5	421.7	408.6	-270.1	-270.1
10:40:26	413.5	421.7	408.6	-270.1	-270.1
10:40:27	413.5	421.7	408.6	-270.1	-270.1
10:40:28	413.5	421.7	408.6	-270.1	-270.1
10:40:29	413.5	421.7	408.6	-270.1	-270.1
10:40:30	413.5	421.7	408.6	-270.1	-270.1
10:40:31	413.5	421.7	408.6	-270.1	-270.1
10:40:32	413.5	421.7	408.7	-270.1	-270.1
10:40:33	413.5	421.7	408.7	-270.1	-270.1
10:40:34	413.5	421.7	408.7	-270.1	-270.1
10:40:35	413.5	421.7	408.7	-270.1	-270.1
10:40:36	413.5	421.7	408.7	-270.1	-270.1
10:40:37	413.5	421.7	408.7	-270.1	-270.1
10:40:38	413.5	421.7	408.7	-270.1	-270.1
10:40:39	413.5	421.7	408.7	-270.1	-270.1
10:40:40	413.5	421.7	408.7	-270.1	-270.1
10:40:41	413.5	421.7	408.7	-270.1	-270.1
10:40:42	413.5	421.7	408.7	-270.1	-270.1
10:40:43	413.5	421.7	408.7	-270.1	-270.1
10:40:44	413.5	421.7	408.7	-270.1	-270.1
10:40:45	413.5	421.7	408.7	-270.1	-270.1
10:40:46	413.5	421.7	408.8	-270.1	-270.1
10:40:47	413.5	421.8	408.8	-270.1	-270.1
10:40:48	413.6	421.8	408.8	-270.1	-270.1
10:40:49	413.6	421.8	408.8	-270.1	-270.1
10:40:50	413.5	421.8	408.8	-270.1	-270.1
10:40:51	413.5	421.8	408.8	-270.1	-270.1
10:40:52	413.5	421.8	408.8	-270.1	-270.1
10:40:53	413.5	421.8	408.8	-270.1	-270.1
10:40:54	413.5	421.8	408.8	-270.1	-270.1
10:40:55	413.5	421.8	408.8	-270.1	-270.1
10:40:56	413.5	421.8	408.9	-270.1	-270.1
10:40:57	413.5	421.8	408.9	-270.1	-270.1
10:40:58	413.5	421.9	408.9	-270.1	-270.1
10:40:59	413.5	421.9	408.9	-270.1	-270.1
10:41:00	413.5	421.9	408.9	-270.1	-270.1
10:41:01	413.5	421.9	408.9	-270.1	-270.1
10:41:02	413.6	421.9	409	-270.1	-270.1
10:41:03	413.6	422	409	-270.1	-270.1
10:41:04	413.6	422	409	-270.1	-270.1
10:41:05	413.6	422	409	-270.1	-270.1
10:41:06	413.5	421.9	408.9	-270.1	-270.1
10:41:07	413.5	421.9	408.9	-270.1	-270.1
10:41:08	413.6	422	409	-270.1	-270.1
10:41:09	413.6	422	409	-270.1	-270.1
10:41:10	413.6	422	409	-270.1	-270.1
10:41:11	413.5	422	409	-270.1	-270.1
10:41:12	413.5	422	409	-270.1	-270.1
10:41:13	413.5	422	409	-270.1	-270.1
10:41:14	413.5	422	409	-270.1	-270.1
10:41:15	413.5	422	409.1	-270.1	-270.1
10:41:16	413.5	422	409.1	-270.1	-270.1
10:41:17	413.5	422	409.1	-270.1	-270.1
10:41:18	413.5	422	409.1	-270.1	-270.1
10:41:19	413.5	422.1	409.1	-270.1	-270.1
10:41:20	413.5	422.1	409.1	-270.1	-270.1
10:41:21	413.5	422.1	409.1	-270.1	-270.1
10:41:22	413.5	422.1	409.1	-270.1	-270.1
10:41:23	413.5	422.1	409.1	-270.1	-270.1
10:41:24	413.5	422.1	409.1	-270.1	-270.1
10:41:25	413.5	422.1	409.1	-270.1	-270.1
10:41:26	413.5	422.1	409.1	-270.1	-270.1
10:41:27	413.5	422.1	409.1	-270.1	-270.1
10:41:28	413.5	422.1	409.1	-270.1	-270.1
10:41:29	413.5	422.1	409.1	-270.1	-270.1
10:41:30	413.5	422.1	409.1	-270.1	-270.1
10:41:31	413.5	422.1	409.1	-270.1	-270.1
10:41:32	413.5	422.1	409.1	-270.1	-270.1
10:41:33	413.5	422.1	409.1	-270.1	-270.1
10:41:34	413.5	422.1	409.2	-270.1	-270.1
10:41:35	413.5	422.1	409.2	-270.1	-270.1
10:41:36	413.5	422.1	409.2	-270.1	-270.1
10:41:37	413.5	422.1	409.2	-270.1	-270.1
10:41:38	413.5	422.1	409.2	-270.1	-270.1
10:41:39	413.5	422.1	409.2	-270.1	-270.1
10:41:40	413.5	422.1	409.2	-270.1	-270.1
10:41:41	413.5	422.1	409.2	-270.1	-270.1
10:41:42	413.5	422.1	409.2	-270.1	-270.1
10:41:43	413.5	422.1	409.2	-270.1	-270.1
10:41:44	413.5	422.1	409.2	-270.1	-270.1
10:41:45	413.5	422.1	409.2	-270.1	-270.1
10:41:46	413.5	422.1	409.2	-270.1	-270.1
10:41:47	413.6	422.1	409.2	-270.1	-270.1
10:41:48	413.5	422.1	409.2	-270.1	-270.1
10:41:49	413.6	422.1	409.2	-270.1	-270.1
10:41:50	413.6	422.1	409.2	-270.1	-270.1
10:41:51	413.6	422.1	409.2	-270.1	-270.1
10:41:52	413.6	422.1	409.2	-270.1	-270.1
10:41:53	413.6	422.1	409.2	-270.1	-270.1
10:41:54	413.6	422.1	409.3	-270.1	-270.1
10:41:55	413.6	422.1	409.3	-270.1	-270.1
10:41:56	413.6	422.1	409.3	-270.1	-270.1
10:41:57	413.6	422.1	409.3	-270.1	-270.1
10:41:58	413.6	422.1	409.3	-270.1	-270.1
10:41:59	413.6	422.1	409.3	-270.1	-270.1
10:42:00	413.6	422.1	409.3	-270.1	-270.1
10:42:01	413.6	422.1	409.3	-270.1	-270.1
10:42:02	413.7	422.1	409.4	-270.1	-270.1
10:42:03	413.7	422.1	409.4	-270.1	-270.1
10:42:04	413.6	422.1	409.4	-270.1	-270.1
10:42:05	413.6	422.1	409.4	-270.1	-270.1
10:42:06	413.6	422.1	409.4	-270.1	-270.1
10:42:07	413.6	422.1	409.4	-270.1	-270.1
10:42:08	413.6	422.1	409.4	-270.1	-270.1
10:42:09	413.6	422.1	409.4	-270.1	-270.1
10:42:10	413.7	422.2	409.5	-270.1	-270.1
10:42:11	413.7	422.2	409.5	-270.1	-270.1
10:42:12	413.6	422.1	409.5	-270.1	-270.1
10:42:13	413.6	422.1	409.5	-270.1	-270.1
10:42:14	413.6	422.1	409.5	-270.1	-270.1
10:42:15	413.6	422.1	409.5	-270.1	-270.1
10:42:16	413.6	422.2	409.5	-270.1	-270.1
10:42:17	413.6	422.2	409.5	-270.1	-270.1
10:42:18	413.6	422.2	409.5	-270.1	-270.1
10:42:19	413.6	422.2	409.5	-270.1	-270.1
10:42:20	413.7	422.2	409.6	-270.1	-270.1
10:42:21	413.7	422.3	409.6	-270.1	-270.1
10:42:22	413.6	422.2	409.5	-270.1	-270.1
10:42:23	413.6	422.2	409.5	-270.1	-270.1
10:42:24	413.7	422.3	409.6	-270.1	-270.1
10:42:25	413.7	422.3	409.6	-270.1	-270.1
10:42:26	413.7	422.3	409.6	-270.1	-270.1
10:42:27	413.7	422.3	409.6	-270.1	-270.1
10:42:28	413.7	422.3	409.6	-270.1	-270.1
10:42:29	413.7	422.3	409.6	-270.1	-270.1
10:42:30	413.7	422.3	409.6	-270.1	-270.1
10:42:31	413.7	422.4	409.6	-270.1	-270.1
10:42:32	413.7	422.4	409.6	-270.1	-270.1
10:42:33	413.7	422.4	409.6	-270.1	-270.1
10:42:34	413.7	422.4	409.6	-270.1	-270.1
10:42:35	413.7	422.4	409.6	-270.1	-270.1
10:42:36	413.7	422.4	409.6	-270.1	-270.1
10:42:37	413.7	422.4	409.6	-270.1	-270.1
10:42:38	413.7	422.4	409.7	-270.1	-270.1
10:42:39	413.6	422.3	409.7	-270.1	-270.1
10:42:40	413.6	422.3	409.6	-270.1	-270.1
10:42:41	413.7	422.4	409.6	-270.1	-270.1
10:42:42	413.7	422.4	409.7	-270.1	-270.1
10:42:43	413.6	422.4	409.7	-270.1	-270.1
10:42:44	413.6	422.4	409.6	-270.1	-270.1
10:42:45	413.7	422.4	409.6	-270.1	-270.1
10:42:46	413.7	422.4	409.7	-270.1	-270.1
10:42:47	413.7	422.4	409.7	-270.1	-270.1
10:42:48	413.7	422.4	409.7	-270.1	-270.1
10:42:49	413.7	422.4	409.7	-270.1	-270.1
10:42:50	413.7	422.4	409.7	-270.1	-270.1
10:42:51	413.7	422.5	409.7	-270.1	-270.1
10:42:52	413.7	422.4	409.8	-270.1	-270.1
10:42:53	413.7	422.5	409.8	-270.1	-270.1
10:42:54	413.7	422.4	409.8	-270.1	-270.1
10:42:55	413.7	422.4	409.8	-270.1	-270.1
10:42:56	413.7	422.4	409.8	-270.1	-270.1
10:42:57	413.7	422.4	409.8	-270.1	-270.1
10:42:58	413.7	422.5	409.8	-270.1	-270.1
10:42:59	413.7	422.4	409.7	-270.1	-270.1
10:43:00	413.7	422.5	409.7	-270.1	-270.1
10:43:01	413.7	422.5	409.7	-270.1	-270.1
10:43:02	413.7	422.4	409.7	-270.1	-270.1
10:43:03	413.7	422.4	409.7	-270.1	-270.1
10:43:04	413.7	422.5	409.7	-270.1	-270.1
10:43:05	413.7	422.4	409.7	-270.1	-270.1
10:43:06	413.7	422.4	409.7	-270.1	-270.1
10:43:07	413.7	422.4	409.7	-270.1	-270.1
10:43:08	413.7	422.4	409.7	-270.1	-270.1
10:43:09	413.7	422.4	409.7	-270.1	-270.1
10:43:10	413.7	422.4	409.7	-270.1	-270.1
10:43:11	413.7	422.4	409.7	-270.1	-270.1
10:43:12	413.7	422.4	409.8	-270.1	-270.1
10:43:13	413.7	422.4	409.8	-270.1	-270.1
10:43:14	413.7	422.4	409.8	-270.1	-270.1
10:43:15	413.7	422.4	409.8	-270.1	-270.1
10:43:16	413.7	422.4	409.8	-270.1	-270.1
10:43:17	413.7	422.4	409.8	-270.1	-270.1
10:43:18	413.7	422.4	409.8	-270.1	-270.1
10:43:19	413.7	422.4	409.9	-270.1	-270.1
10:43:20	413.7	422.4	409.9	-270.1	-270.1
10:43:21	413.7	422.4	409.9	-270.1	-270.1
10:43:22	413.7	422.4	409.9	-270.1	-270.1
10:43:23	413.7	422.4	409.9	-270.1	-270.1
10:43:24	413.7	422.4	409.9	-270.1	-270.1
10:43:25	413.7	422.4	409.9	-270.1	-270.1
10:43:26	413.7	422.4	409.9	-270.1	-270.1
10:43:27	413.7	422.4	410	-270.1	-270.1
10:43:28	413.7	422.4	410	-270.1	-270.1
10:43:29	413.7	422.4	410	-270.1	-270.1
10:43:30	413.7	422.4	410	-270.1	-270.1
10:43:31	413.7	422.4	410	-270.1	-270.1
10:43:32	413.7	422.4	410	-270.1	-270.1
10:43:33	413.7	422.4	410	-270.1	-270.1
10:43:34	413.7	422.4	410	-270.1	-270.1
10:43:35	413.7	422.5	409.9	-270.1	-270.1
10:43:36	413.7	422.5	410	-270.1	-270.1
10:43:37	413.7	422.5	410	-270.1	-270.1
10:43:38	413.7	422.5	410	-270.1	-270.1
10:43:39	413.7	422.5	410	-270.1	-270.1
10:43:40	413.7	422.5	410	-270.1	-270.1
10:43:41	413.7	422.5	410	-270.1	-270.1
10:43:42	413.7	422.5	410	-270.1	-270.1
10:43:43	413.7	422.5	410	-270.1	-270.1
10:43:44	413.7	422.5	410	-270.1	-270.1
10:43:45	413.7	422.5	410	-270.1	-270.1
10:43:46	413.7	422.5	410	-270.1	-270.1
10:43:47	413.7	422.5	410.1	-270.1	-270.1
10:43:48	413.7	422.5	410.1	-270.1	-270.1
10:43:49	413.7	422.5	410.1	-270.1	-270.1
10:43:50	413.7	422.5	410.1	-270.1	-270.1
10:43:51	413.7	422.6	410.1	-270.1	-270.1
10:43:52	413.7	422.5	410.1	-270.1	-270.1
10:43:53	413.7	422.6	410.1	-270.1	-270.1
10:43:54	413.7	422.6	410.1	-270.1	-270.1
10:43:55	413.7	422.6	410.1	-270.1	-270.1
10:43:56	413.7	422.6	410.1	-270.1	-270.1
10:43:57	413.7	422.6	410.1	-270.1	-270.1
10:43:58	413.7	422.6	410.2	-270.1	-270.1
10:43:59	413.7	422.6	410.2	-270.1	-270.1
10:44:00	413.7	422.6	410.2	-270.1	-270.1
10:44:01	413.6	422.6	410.2	-270.1	-270.1
10:44:02	413.6	422.6	410.2	-270.1	-270.1
10:44:03	413.6	422.6	410.2	-270.1	-270.1
10:44:04	413.6	422.6	410.2	-270.1	-270.1
10:44:05	413.7	422.7	410.2	-270.1	-270.1
10:44:06	413.7	422.7	410.2	-270.1	-270.1
10:44:07	413.6	422.7	410.2	-270.1	-270.1
10:44:08	413.6	422.7	410.2	-270.1	-270.1
10:44:09	413.6	422.7	410.2	-270.1	-270.1
10:44:10	413.6	422.7	410.2	-270.1	-270.1
10:44:11	413.6	422.7	410.2	-270.1	-270.1
10:44:12	413.7	422.7	410.2	-270.1	-270.1
10:44:13	413.7	422.7	410.2	-270.1	-270.1
10:44:14	413.7	422.7	410.3	-270.1	-270.1
10:44:15	413.7	422.7	410.3	-270.1	-270.1
10:44:16	413.7	422.7	410.2	-270.1	-270.1
10:44:17	413.7	422.7	410.2	-270.1	-270.1
10:44:18	413.8	422.8	410.3	-270.1	-270.1
10:44:19	413.8	422.8	410.3	-270.1	-270.1
10:44:20	413.7	422.7	410.2	-270.1	-270.1
10:44:21	413.7	422.7	410.2	-270.1	-270.1
10:44:22	413.7	422.7	410.2	-270.1	-270.1
10:44:23	413.8	422.7	410.2	-270.1	-270.1
10:44:24	413.8	422.7	410.3	-270.1	-270.1
10:44:25	413.8	422.7	410.3	-270.1	-270.1
10:44:26	413.8	422.8	410.3	-270.1	-270.1
10:44:27	413.8	422.8	410.3	-270.1	-270.1
10:44:28	413.8	422.7	410.3	-270.1	-270.1
10:44:29	413.8	422.7	410.3	-270.1	-270.1
10:44:30	413.8	422.7	410.3	-270.1	-270.1
10:44:31	413.8	422.7	410.3	-270.1	-270.1
10:44:32	413.8	422.7	410.3	-270.1	-270.1
10:44:33	413.8	422.7	410.3	-270.1	-270.1
10:44:34	413.8	422.7	410.3	-270.1	-270.1
10:44:35	413.8	422.7	410.3	-270.1	-270.1
10:44:36	413.8	422.7	410.3	-270.1	-270.1
10:44:37	413.8	422.7	410.3	-270.1	-270.1
10:44:38	413.8	422.8	410.4	-270.1	-270.1
10:44:39	413.9	422.8	410.4	-270.1	-270.1
10:44:40	413.9	422.7	410.4	-270.1	-270.1
10:44:41	413.9	422.7	410.4	-270.1	-270.1
10:44:42	413.8	422.7	410.4	-270.1	-270.1
10:44:43	413.9	422.7	410.4	-270.1	-270.1
10:44:44	413.8	422.7	410.4	-270.1	-270.1
10:44:45	413.8	422.7	410.4	-270.1	-270.1
10:44:46	413.8	422.7	410.4	-270.1	-270.1
10:44:47	413.8	422.7	410.4	-270.1	-270.1
10:44:48	413.9	422.7	410.4	-270.1	-270.1
10:44:49	413.9	422.7	410.5	-270.1	-270.1
10:44:50	413.8	422.7	410.5	-270.1	-270.1
10:44:51	413.8	422.7	410.5	-270.1	-270.1
10:44:52	413.8	422.7	410.5	-270.1	-270.1
10:44:53	413.8	422.7	410.5	-270.1	-270.1
10:44:54	413.8	422.7	410.5	-270.1	-270.1
10:44:55	413.8	422.7	410.5	-270.1	-270.1
10:44:56	413.8	422.7	410.5	-270.1	-270.1
10:44:57	413.8	422.7	410.5	-270.1	-270.1
10:44:58	413.8	422.7	410.5	-270.1	-270.1
10:44:59	413.8	422.7	410.5	-270.1	-270.1
10:45:00	413.8	422.7	410.5	-270.1	-270.1
10:45:01	413.8	422.7	410.4	-270.1	-270.1
10:45:02	413.8	422.7	410.4	-270.1	-270.1
10:45:03	413.8	422.7	410.5	-270.1	-270.1
统计于2017年08月11日10时45分07秒					
