温度历史数据					
时间	温度0	温度1	温度2	温度3	温度4
10:45:09	413.8	422.7	410.5	-270.1	-270.1
10:45:10	413.8	422.7	410.5	-270.1	-270.1
10:45:11	413.8	422.8	410.5	-270.1	-270.1
10:45:12	413.8	422.7	410.5	-270.1	-270.1
10:45:13	413.8	422.8	410.5	-270.1	-270.1
10:45:14	413.8	422.8	410.5	-270.1	-270.1
10:45:15	413.7	422.8	410.5	-270.1	-270.1
10:45:16	413.7	422.7	410.4	-270.1	-270.1
10:45:17	413.7	422.7	410.4	-270.1	-270.1
10:45:18	413.8	422.8	410.5	-270.1	-270.1
10:45:19	413.8	422.8	410.5	-270.1	-270.1
10:45:20	413.7	422.7	410.5	-270.1	-270.1
10:45:21	413.7	422.7	410.5	-270.1	-270.1
10:45:22	413.8	422.8	410.5	-270.1	-270.1
10:45:23	413.8	422.8	410.6	-270.1	-270.1
10:45:24	413.8	422.8	410.6	-270.1	-270.1
10:45:25	413.8	422.8	410.6	-270.1	-270.1
10:45:26	413.7	422.8	410.5	-270.1	-270.1
10:45:27	413.7	422.8	410.5	-270.1	-270.1
10:45:28	413.7	422.8	410.6	-270.1	-270.1
10:45:29	413.7	422.8	410.6	-270.1	-270.1
10:45:30	413.7	422.8	410.6	-270.1	-270.1
10:45:31	413.7	422.8	410.6	-270.1	-270.1
10:45:32	413.7	422.8	410.6	-270.1	-270.1
10:45:33	413.7	422.8	410.6	-270.1	-270.1
10:45:34	413.7	422.8	410.7	-270.1	-270.1
10:45:35	413.8	422.9	410.7	-270.1	-270.1
10:45:36	413.8	422.9	410.7	-270.1	-270.1
10:45:37	413.8	422.9	410.7	-270.1	-270.1
10:45:38	413.8	423	410.8	-270.1	-270.1
10:45:39	413.8	423	410.8	-270.1	-270.1
10:45:40	413.8	422.9	410.7	-270.1	-270.1
10:45:41	413.8	422.9	410.7	-270.1	-270.1
10:45:42	413.8	423	410.8	-270.1	-270.1
10:45:43	413.8	423	410.8	-270.1	-270.1
10:45:44	413.8	423	410.7	-270.1	-270.1
10:45:45	413.8	423	410.8	-270.1	-270.1
10:45:46	413.8	423	410.8	-270.1	-270.1
10:45:47	413.8	423	410.8	-270.1	-270.1
10:45:48	413.8	423	410.8	-270.1	-270.1
10:45:49	413.8	423	410.8	-270.1	-270.1
10:45:50	413.8	423	410.8	-270.1	-270.1
10:45:51	413.8	423	410.8	-270.1	-270.1
10:45:52	413.8	423	410.8	-270.1	-270.1
10:45:53	413.8	423	410.8	-270.1	-270.1
10:45:54	413.8	423	410.8	-270.1	-270.1
10:45:55	413.8	423	410.8	-270.1	-270.1
10:45:56	413.8	423.1	410.8	-270.1	-270.1
10:45:57	413.8	423.1	410.8	-270.1	-270.1
10:45:58	413.8	423	410.8	-270.1	-270.1
10:45:59	413.8	423	410.7	-270.1	-270.1
10:46:00	413.8	423	410.7	-270.1	-270.1
10:46:01	413.7	423	410.7	-270.1	-270.1
10:46:02	413.7	423	410.7	-270.1	-270.1
10:46:03	413.7	423	410.7	-270.1	-270.1
10:46:04	413.8	423.1	410.7	-270.1	-270.1
10:46:05	413.8	423.1	410.8	-270.1	-270.1
10:46:06	413.7	423	410.8	-270.1	-270.1
10:46:07	413.7	423	410.8	-270.1	-270.1
10:46:08	413.7	423	410.8	-270.1	-270.1
10:46:09	413.7	423	410.8	-270.1	-270.1
10:46:10	413.7	423	410.8	-270.1	-270.1
10:46:11	413.7	423	410.8	-270.1	-270.1
10:46:12	413.7	423	410.8	-270.1	-270.1
10:46:13	413.7	423	410.8	-270.1	-270.1
10:46:14	413.8	423	410.8	-270.1	-270.1
10:46:15	413.8	423.1	410.8	-270.1	-270.1
10:46:16	413.7	423.1	410.8	-270.1	-270.1
10:46:17	413.7	423	410.8	-270.1	-270.1
10:46:18	413.7	423	410.8	-270.1	-270.1
10:46:19	413.7	423	410.8	-270.1	-270.1
10:46:20	413.7	423	410.8	-270.1	-270.1
10:46:21	413.7	423	410.8	-270.1	-270.1
10:46:22	413.7	423	410.9	-270.1	-270.1
10:46:23	413.8	423	410.9	-270.1	-270.1
10:46:24	413.8	423.1	410.9	-270.1	-270.1
10:46:25	413.8	423.1	411	-270.1	-270.1
10:46:26	413.8	423	410.9	-270.1	-270.1
10:46:27	413.8	423	410.9	-270.1	-270.1
10:46:28	413.8	423	410.9	-270.1	-270.1
10:46:29	413.8	423	410.9	-270.1	-270.1
10:46:30	413.8	423	410.9	-270.1	-270.1
10:46:31	413.8	423	410.9	-270.1	-270.1
10:46:32	413.9	423.1	411	-270.1	-270.1
10:46:33	413.9	423.1	411	-270.1	-270.1
10:46:34	413.8	423	410.9	-270.1	-270.1
10:46:35	413.8	423	410.9	-270.1	-270.1
10:46:36	413.9	423.1	411	-270.1	-270.1
10:46:37	413.9	423.1	411	-270.1	-270.1
10:46:38	413.8	423	410.9	-270.1	-270.1
10:46:39	413.8	423	410.9	-270.1	-270.1
10:46:40	413.8	423	410.9	-270.1	-270.1
10:46:41	413.8	423	410.9	-270.1	-270.1
10:46:42	413.8	423.1	411	-270.1	-270.1
10:46:43	413.8	423.1	411	-270.1	-270.1
10:46:44	413.8	423	411	-270.1	-270.1
10:46:45	413.7	423	411	-270.1	-270.1
10:46:46	413.8	423.1	411	-270.1	-270.1
10:46:47	413.8	423.1	411	-270.1	-270.1
10:46:48	413.8	423.1	411	-270.1	-270.1
10:46:49	413.8	423.1	411	-270.1	-270.1
10:46:50	413.8	423.1	411	-270.1	-270.1
10:46:51	413.8	423.1	411	-270.1	-270.1
10:46:52	413.7	423	411	-270.1	-270.1
10:46:53	413.7	423	411	-270.1	-270.1
10:46:54	413.8	423.1	411	-270.1	-270.1
10:46:55	413.8	423.1	411	-270.1	-270.1
10:46:56	413.8	423.1	411	-270.1	-270.1
10:46:57	413.8	423.1	411	-270.1	-270.1
10:46:58	413.8	423.1	411	-270.1	-270.1
10:46:59	413.8	423.1	411	-270.1	-270.1
10:47:00	413.8	423.1	411.1	-270.1	-270.1
10:47:01	413.8	423.1	411.1	-270.1	-270.1
10:47:02	413.8	423.1	411.1	-270.1	-270.1
10:47:03	413.8	423.1	411	-270.1	-270.1
10:47:04	413.7	423.1	411	-270.1	-270.1
10:47:05	413.7	423.1	411	-270.1	-270.1
10:47:06	413.8	423.1	411	-270.1	-270.1
10:47:07	413.8	423.1	411.1	-270.1	-270.1
10:47:08	413.8	423.1	411.1	-270.1	-270.1
10:47:09	413.8	423.1	411.1	-270.1	-270.1
10:47:10	413.8	423.2	411.1	-270.1	-270.1
10:47:11	413.8	423.2	411.1	-270.1	-270.1
10:47:12	413.8	423.2	411.1	-270.1	-270.1
10:47:13	413.8	423.2	411.1	-270.1	-270.1
10:47:14	413.8	423.2	411.1	-270.1	-270.1
10:47:15	413.8	423.2	411.1	-270.1	-270.1
10:47:16	413.8	423.2	411.1	-270.1	-270.1
10:47:17	413.8	423.2	411.2	-270.1	-270.1
10:47:18	413.8	423.2	411.2	-270.1	-270.1
10:47:19	413.8	423.2	411.2	-270.1	-270.1
10:47:20	413.8	423.2	411.2	-270.1	-270.1
10:47:21	413.8	423.2	411.2	-270.1	-270.1
10:47:22	413.8	423.2	411.2	-270.1	-270.1
10:47:23	413.8	423.2	411.2	-270.1	-270.1
10:47:24	413.9	423.2	411.2	-270.1	-270.1
10:47:25	413.8	423.2	411.3	-270.1	-270.1
10:47:26	413.9	423.2	411.3	-270.1	-270.1
10:47:27	413.9	423.3	411.3	-270.1	-270.1
10:47:28	413.9	423.2	411.3	-270.1	-270.1
10:47:29	413.9	423.3	411.3	-270.1	-270.1
10:47:30	413.9	423.3	411.3	-270.1	-270.1
10:47:31	413.9	423.3	411.3	-270.1	-270.1
10:47:32	413.9	423.3	411.3	-270.1	-270.1
10:47:33	413.9	423.3	411.3	-270.1	-270.1
10:47:34	413.9	423.3	411.3	-270.1	-270.1
10:47:35	413.9	423.3	411.3	-270.1	-270.1
10:47:36	413.9	423.3	411.3	-270.1	-270.1
10:47:37	413.9	423.3	411.2	-270.1	-270.1
10:47:38	413.9	423.3	411.2	-270.1	-270.1
10:47:39	413.9	423.3	411.2	-270.1	-270.1
10:47:40	413.9	423.3	411.2	-270.1	-270.1
10:47:41	414	423.3	411.2	-270.1	-270.1
10:47:42	414	423.3	411.2	-270.1	-270.1
10:47:43	413.9	423.3	411.2	-270.1	-270.1
10:47:44	414	423.3	411.2	-270.1	-270.1
10:47:45	413.9	423.3	411.2	-270.1	-270.1
10:47:46	414	423.3	411.2	-270.1	-270.1
10:47:47	413.9	423.3	411.2	-270.1	-270.1
10:47:48	414	423.3	411.3	-270.1	-270.1
10:47:49	414	423.4	411.3	-270.1	-270.1
10:47:50	414	423.3	411.3	-270.1	-270.1
10:47:51	413.9	423.3	411.3	-270.1	-270.1
10:47:52	413.9	423.3	411.2	-270.1	-270.1
10:47:53	413.9	423.3	411.3	-270.1	-270.1
10:47:54	413.9	423.4	411.3	-270.1	-270.1
10:47:55	413.9	423.3	411.3	-270.1	-270.1
10:47:56	413.9	423.3	411.3	-270.1	-270.1
10:47:57	413.9	423.3	411.3	-270.1	-270.1
10:47:58	413.9	423.3	411.3	-270.1	-270.1
10:47:59	413.9	423.3	411.3	-270.1	-270.1
10:48:00	413.9	423.3	411.3	-270.1	-270.1
10:48:01	413.9	423.3	411.2	-270.1	-270.1
10:48:02	413.9	423.3	411.3	-270.1	-270.1
10:48:03	413.9	423.3	411.3	-270.1	-270.1
10:48:04	413.9	423.3	411.3	-270.1	-270.1
10:48:05	413.9	423.3	411.3	-270.1	-270.1
10:48:06	413.9	423.3	411.2	-270.1	-270.1
10:48:07	413.8	423.3	411.2	-270.1	-270.1
10:48:08	413.8	423.3	411.2	-270.1	-270.1
10:48:09	413.8	423.3	411.2	-270.1	-270.1
10:48:10	413.8	423.4	411.2	-270.1	-270.1
10:48:11	413.8	423.4	411.2	-270.1	-270.1
10:48:12	413.8	423.3	411.2	-270.1	-270.1
10:48:13	413.8	423.4	411.2	-270.1	-270.1
10:48:14	413.8	423.3	411.2	-270.1	-270.1
10:48:15	413.7	423.3	411.2	-270.1	-270.1
10:48:16	413.8	423.4	411.1	-270.1	-270.1
10:48:17	413.8	423.4	411.2	-270.1	-270.1
10:48:18	413.8	423.4	411.2	-270.1	-270.1
10:48:19	413.8	423.4	411.2	-270.1	-270.1
10:48:20	413.8	423.4	411.1	-270.1	-270.1
10:48:21	413.8	423.4	411.2	-270.1	-270.1
10:48:22	413.8	423.4	411.2	-270.1	-270.1
10:48:23	413.8	423.4	411.2	-270.1	-270.1
10:48:24	413.8	423.4	411.2	-270.1	-270.1
10:48:25	413.8	423.4	411.2	-270.1	-270.1
10:48:26	413.8	423.4	411.2	-270.1	-270.1
10:48:27	413.8	423.4	411.2	-270.1	-270.1
10:48:28	413.8	423.4	411.2	-270.1	-270.1
10:48:29	413.8	423.4	411.3	-270.1	-270.1
10:48:30	413.8	423.4	411.3	-270.1	-270.1
10:48:31	413.8	423.4	411.3	-270.1	-270.1
10:48:32	413.8	423.4	411.3	-270.1	-270.1
10:48:33	413.8	423.4	411.3	-270.1	-270.1
10:48:34	413.8	423.4	411.3	-270.1	-270.1
10:48:35	413.8	423.4	411.3	-270.1	-270.1
10:48:36	413.8	423.4	411.3	-270.1	-270.1
10:48:37	413.8	423.4	411.3	-270.1	-270.1
10:48:38	413.8	423.4	411.3	-270.1	-270.1
10:48:39	413.8	423.4	411.3	-270.1	-270.1
10:48:40	413.8	423.4	411.3	-270.1	-270.1
10:48:41	413.8	423.4	411.2	-270.1	-270.1
10:48:42	413.8	423.4	411.2	-270.1	-270.1
10:48:43	413.8	423.4	411.3	-270.1	-270.1
10:48:44	413.8	423.5	411.3	-270.1	-270.1
10:48:45	413.8	423.4	411.3	-270.1	-270.1
10:48:46	413.8	423.5	411.2	-270.1	-270.1
10:48:47	413.8	423.5	411.2	-270.1	-270.1
10:48:48	413.8	423.5	411.3	-270.1	-270.1
10:48:49	413.8	423.5	411.3	-270.1	-270.1
10:48:50	413.8	423.5	411.3	-270.1	-270.1
10:48:51	413.8	423.5	411.3	-270.1	-270.1
10:48:52	413.9	423.5	411.3	-270.1	-270.1
10:48:53	413.9	423.5	411.3	-270.1	-270.1
10:48:54	413.8	423.4	411.3	-270.1	-270.1
10:48:55	413.8	423.4	411.3	-270.1	-270.1
10:48:56	413.9	423.5	411.4	-270.1	-270.1
10:48:57	413.9	423.5	411.4	-270.1	-270.1
10:48:58	413.9	423.5	411.4	-270.1	-270.1
10:48:59	413.9	423.5	411.4	-270.1	-270.1
10:49:00	413.9	423.5	411.4	-270.1	-270.1
10:49:01	413.9	423.5	411.4	-270.1	-270.1
10:49:02	413.9	423.5	411.5	-270.1	-270.1
10:49:03	413.9	423.5	411.5	-270.1	-270.1
10:49:04	413.9	423.5	411.4	-270.1	-270.1
10:49:05	413.9	423.5	411.3	-270.1	-270.1
10:49:06	413.9	423.5	411.2	-270.1	-270.1
10:49:07	413.9	423.5	411.2	-270.1	-270.1
10:49:08	413.9	423.5	411.1	-270.1	-270.1
10:49:09	413.9	423.5	411.2	-270.1	-270.1
10:49:10	413.9	423.5	411.2	-270.1	-270.1
10:49:11	414	423.5	411.2	-270.1	-270.1
10:49:12	414	423.5	411.2	-270.1	-270.1
10:49:13	414	423.5	411.1	-270.1	-270.1
10:49:14	413.9	423.5	411	-270.1	-270.1
10:49:15	413.9	423.5	411	-270.1	-270.1
10:49:16	414	423.5	411.1	-270.1	-270.1
10:49:17	414	423.5	411.1	-270.1	-270.1
10:49:18	414	423.5	411.1	-270.1	-270.1
10:49:19	414	423.5	411.1	-270.1	-270.1
10:49:20	414	423.5	411.1	-270.1	-270.1
10:49:21	413.9	423.5	411.1	-270.1	-270.1
10:49:22	414	423.5	411.1	-270.1	-270.1
10:49:23	414	423.5	411.1	-270.1	-270.1
10:49:24	414	423.5	411.1	-270.1	-270.1
10:49:25	414	423.5	411.1	-270.1	-270.1
10:49:26	414	423.5	411.1	-270.1	-270.1
10:49:27	414	423.5	411.1	-270.1	-270.1
10:49:28	414	423.5	411.2	-270.1	-270.1
10:49:29	414	423.6	411.2	-270.1	-270.1
10:49:30	414	423.6	411.2	-270.1	-270.1
10:49:31	414	423.6	411.2	-270.1	-270.1
10:49:32	414	423.6	411.2	-270.1	-270.1
10:49:33	413.9	423.6	411.2	-270.1	-270.1
10:49:34	414	423.6	411.2	-270.1	-270.1
10:49:35	413.9	423.6	411.2	-270.1	-270.1
10:49:36	413.9	423.6	411.2	-270.1	-270.1
10:49:37	413.9	423.6	411.2	-270.1	-270.1
10:49:38	413.9	423.6	411.2	-270.1	-270.1
10:49:39	413.9	423.6	411.2	-270.1	-270.1
10:49:40	413.9	423.6	411.3	-270.1	-270.1
10:49:42	413.9	423.6	411.3	-270.1	-270.1
10:49:44	413.9	423.6	411.4	-270.1	-270.1
10:49:46	413.9	423.6	411.3	-270.1	-270.1
10:49:47	413.9	423.6	411.2	-270.1	-270.1
10:49:48	413.8	423.6	411	-270.1	-270.1
10:49:49	413.8	423.5	410.6	-270.1	-270.1
10:49:50	413.8	423.6	410.1	-270.1	-270.1
10:49:51	413.9	423.6	409.4	-270.1	-270.1
10:49:52	413.9	423.6	408.3	-270.1	-270.1
10:49:53	413.9	423.6	407.1	-270.1	-270.1
10:49:54	413.9	423.6	405.6	-270.1	-270.1
10:49:55	413.9	423.6	404	-270.1	-270.1
10:49:56	413.9	423.6	402.2	-270.1	-270.1
10:49:57	413.9	423.6	400.1	-270.1	-270.1
10:49:58	413.9	423.7	397.5	-270.1	-270.1
10:49:59	413.9	423.7	394.6	-270.1	-270.1
10:50:00	413.9	423.7	391.3	-270.1	-270.1
10:50:01	413.9	423.7	387.9	-270.1	-270.1
10:50:02	413.9	423.7	384.4	-270.1	-270.1
10:50:03	413.9	423.7	380.6	-270.1	-270.1
10:50:04	413.9	423.7	376.5	-270.1	-270.1
10:50:05	413.9	423.7	372.3	-270.1	-270.1
10:50:06	413.9	423.7	367.8	-270.1	-270.1
10:50:07	413.9	423.7	363.1	-270.1	-270.1
10:50:08	413.9	423.7	358.5	-270.1	-270.1
10:50:09	413.9	423.7	352.5	-270.1	-270.1
10:50:10	413.9	423.7	344.8	-270.1	-270.1
10:50:11	413.9	423.7	336.5	-270.1	-270.1
10:50:12	413.9	423.7	329.3	-270.1	-270.1
10:50:13	413.9	423.7	323.7	-270.1	-270.1
10:50:14	413.9	423.7	319	-270.1	-270.1
10:50:15	413.9	423.7	314.9	-270.1	-270.1
10:50:16	414	423.7	311	-270.1	-270.1
10:50:17	414	423.7	307.3	-270.1	-270.1
10:50:18	414	423.7	303.7	-270.1	-270.1
10:50:19	414	423.7	300.1	-270.1	-270.1
10:50:20	414	423.7	296.7	-270.1	-270.1
10:50:21	414	423.7	293.4	-270.1	-270.1
10:50:22	414	423.7	290.1	-270.1	-270.1
10:50:23	414	423.7	286.8	-270.1	-270.1
10:50:24	414	423.7	283.6	-270.1	-270.1
10:50:25	414	423.7	280.4	-270.1	-270.1
10:50:26	414	423.7	277.3	-270.1	-270.1
10:50:27	414	423.7	274.3	-270.1	-270.1
10:50:28	414	423.7	271.3	-270.1	-270.1
10:50:29	414	423.7	271.3	-270.1	-270.1
10:50:30	414	423.7	268.4	-270.1	-270.1
10:50:31	414	423.7	265.7	-270.1	-270.1
10:50:32	414	423.7	263	-270.1	-270.1
10:50:33	414	423.7	260.4	-270.1	-270.1
10:50:34	414	423.7	257.2	-270.1	-270.1
10:50:35	414	423.7	253.4	-270.1	-270.1
10:50:36	414	423.7	249.2	-270.1	-270.1
10:50:37	414	423.7	244.9	-270.1	-270.1
10:50:38	414	423.7	240.9	-270.1	-270.1
10:50:39	414	423.7	237.2	-270.1	-270.1
10:50:40	414.1	423.7	233.4	-270.1	-270.1
10:50:41	414.1	423.7	229.5	-270.1	-270.1
10:50:42	414	423.7	225.6	-270.1	-270.1
10:50:43	414	423.7	221.5	-270.1	-270.1
10:50:44	414	423.7	217.7	-270.1	-270.1
10:50:45	414	423.7	214	-270.1	-270.1
10:50:46	414	423.7	210.4	-270.1	-270.1
10:50:47	414	423.7	207.3	-270.1	-270.1
10:50:48	414	423.7	204.2	-270.1	-270.1
10:50:49	414	423.7	201	-270.1	-270.1
10:50:50	414	423.7	197.8	-270.1	-270.1
10:50:51	414	423.7	194.4	-270.1	-270.1
10:50:52	414	423.7	191.4	-270.1	-270.1
10:50:53	414	423.7	188.3	-270.1	-270.1
10:50:54	414	423.7	185.6	-270.1	-270.1
10:50:55	414	423.7	183.2	-270.1	-270.1
10:50:56	414	423.7	181	-270.1	-270.1
10:50:57	414	423.7	178.9	-270.1	-270.1
10:50:58	414	423.7	176.9	-270.1	-270.1
10:50:59	414	423.7	175	-270.1	-270.1
10:51:00	414	423.7	173	-270.1	-270.1
10:51:01	414	423.7	170.8	-270.1	-270.1
10:51:02	414	423.7	168.5	-270.1	-270.1
10:51:03	414	423.7	166.2	-270.1	-270.1
10:51:04	414	423.7	164.1	-270.1	-270.1
10:51:05	413.9	423.7	161.9	-270.1	-270.1
10:51:06	413.9	423.7	160.1	-270.1	-270.1
10:51:07	413.9	423.7	158.8	-270.1	-270.1
10:51:08	413.9	423.7	157.7	-270.1	-270.1
10:51:09	413.9	423.7	156.7	-270.1	-270.1
10:51:10	413.9	423.7	155.9	-270.1	-270.1
10:51:11	413.9	423.7	155	-270.1	-270.1
10:51:12	413.9	423.7	154.1	-270.1	-270.1
10:51:13	413.9	423.7	153.2	-270.1	-270.1
10:51:14	413.9	423.7	152.4	-270.1	-270.1
10:51:15	413.9	423.7	151.6	-270.1	-270.1
10:51:16	413.9	423.7	150.7	-270.1	-270.1
10:51:17	413.9	423.7	149.9	-270.1	-270.1
10:51:18	413.9	423.7	149	-270.1	-270.1
10:51:19	414	423.7	148.3	-270.1	-270.1
10:51:20	413.9	423.7	147.4	-270.1	-270.1
10:51:21	413.9	423.7	146.6	-270.1	-270.1
10:51:22	414	423.7	145.8	-270.1	-270.1
10:51:23	414	423.7	145	-270.1	-270.1
10:51:24	414	423.7	144.2	-270.1	-270.1
10:51:25	414	423.7	143.4	-270.1	-270.1
10:51:26	414	423.6	142.5	-270.1	-270.1
10:51:27	413.9	423.6	141.7	-270.1	-270.1
10:51:28	414	423.6	141	-270.1	-270.1
10:51:29	414	423.6	140.3	-270.1	-270.1
10:51:30	414	423.6	139.5	-270.1	-270.1
10:51:31	413.9	423.6	138.8	-270.1	-270.1
10:51:32	414	423.7	138	-270.1	-270.1
10:51:33	414	423.7	137.3	-270.1	-270.1
10:51:34	414	423.7	136.6	-270.1	-270.1
10:51:35	414	423.7	135.9	-270.1	-270.1
10:51:36	414	423.7	135.9	-270.1	-270.1
10:51:37	414	423.7	135.2	-270.1	-270.1
10:51:38	414	423.7	134.5	-270.1	-270.1
10:51:39	414	423.6	133.8	-270.1	-270.1
10:51:40	414	423.6	133.1	-270.1	-270.1
10:51:41	414	423.6	132.4	-270.1	-270.1
10:51:42	414	423.6	131.7	-270.1	-270.1
10:51:43	414	423.6	131	-270.1	-270.1
10:51:44	414.1	423.6	130.4	-270.1	-270.1
10:51:45	414.1	423.6	129.7	-270.1	-270.1
10:51:46	414.1	423.6	129.1	-270.1	-270.1
10:51:47	414.1	423.6	128.5	-270.1	-270.1
10:51:48	414.1	423.6	127.9	-270.1	-270.1
10:51:49	414.1	423.6	127.3	-270.1	-270.1
10:51:50	414.1	423.6	126.7	-270.1	-270.1
10:51:51	414.1	423.6	126.1	-270.1	-270.1
10:51:52	414.1	423.6	125.6	-270.1	-270.1
10:51:53	414.1	423.6	125	-270.1	-270.1
10:51:54	414.1	423.6	124.4	-270.1	-270.1
10:51:55	414.1	423.6	123.8	-270.1	-270.1
10:51:56	414.1	423.6	123.3	-270.1	-270.1
10:51:57	414.1	423.6	122.7	-270.1	-270.1
10:51:58	414.1	423.6	122.2	-270.1	-270.1
10:51:59	414.1	423.7	121.6	-270.1	-270.1
10:52:00	414.1	423.7	121.1	-270.1	-270.1
10:52:01	414.2	423.7	120.6	-270.1	-270.1
10:52:02	414.2	423.7	120.1	-270.1	-270.1
10:52:03	414.2	423.7	119.6	-270.1	-270.1
10:52:04	414.2	423.7	119.1	-270.1	-270.1
10:52:05	414.2	423.7	118.4	-270.1	-270.1
10:52:06	414.2	423.7	117.8	-270.1	-270.1
10:52:07	414.2	423.7	117	-270.1	-270.1
10:52:08	414.2	423.7	116	-270.1	-270.1
10:52:09	414.2	423.7	114.8	-270.1	-270.1
10:52:10	414.2	423.7	113.5	-270.1	-270.1
10:52:11	414.2	423.7	112.3	-270.1	-270.1
10:52:12	414.2	423.7	111.1	-270.1	-270.1
10:52:13	414.2	423.7	110	-270.1	-270.1
10:52:14	414.2	423.7	108.9	-270.1	-270.1
10:52:15	414.2	423.7	107.8	-270.1	-270.1
10:52:16	414.2	423.7	106.8	-270.1	-270.1
10:52:17	414.2	423.7	105.8	-270.1	-270.1
10:52:18	414.2	423.7	104.8	-270.1	-270.1
10:52:19	414.2	423.7	103.8	-270.1	-270.1
10:52:20	414.1	423.7	102.7	-270.1	-270.1
10:52:21	414.1	423.7	101.8	-270.1	-270.1
10:52:22	414.1	423.7	100.9	-270.1	-270.1
10:52:23	414.1	423.7	100.3	-270.1	-270.1
10:52:24	414.1	423.7	99.4	-270.1	-270.1
10:52:25	414.1	423.7	98.8	-270.1	-270.1
10:52:26	414.1	423.7	98.3	-270.1	-270.1
10:52:27	414.1	423.7	97.9	-270.1	-270.1
10:52:28	414.1	423.7	97.5	-270.1	-270.1
10:52:29	414.1	423.7	97.1	-270.1	-270.1
10:52:30	414.1	423.7	96.8	-270.1	-270.1
10:52:31	414.1	423.7	96.4	-270.1	-270.1
10:52:32	414.1	423.7	96.1	-270.1	-270.1
10:52:33	414.2	423.7	95.8	-270.1	-270.1
10:52:34	414.2	423.7	95.6	-270.1	-270.1
10:52:35	414.1	423.7	95.3	-270.1	-270.1
10:52:36	414.1	423.7	95	-270.1	-270.1
10:52:37	414.1	423.7	94.7	-270.1	-270.1
10:52:38	414.1	423.7	94.5	-270.1	-270.1
10:52:39	414.1	423.7	94.2	-270.1	-270.1
10:52:40	414.1	423.7	94	-270.1	-270.1
10:52:41	414.1	423.7	93.8	-270.1	-270.1
10:52:42	414.1	423.7	93.5	-270.1	-270.1
10:52:43	414.1	423.7	93.2	-270.1	-270.1
10:52:44	414.1	423.7	93.2	-270.1	-270.1
10:52:45	414.1	423.7	93	-270.1	-270.1
10:52:46	414.1	423.7	92.9	-270.1	-270.1
10:52:47	414.1	423.7	93	-270.1	-270.1
10:52:48	414.1	423.7	93.3	-270.1	-270.1
10:52:49	414.1	423.7	93.6	-270.1	-270.1
10:52:50	414.1	423.7	93.9	-270.1	-270.1
10:52:51	414.2	423.7	94.3	-270.1	-270.1
10:52:52	414.2	423.7	94.7	-270.1	-270.1
10:52:53	414.2	423.7	95.5	-270.1	-270.1
10:52:54	414.2	423.7	96.7	-270.1	-270.1
10:52:55	414.2	423.7	98.1	-270.1	-270.1
10:52:56	414.2	423.7	99.7	-270.1	-270.1
10:52:57	414.2	423.7	101.7	-270.1	-270.1
10:52:58	414.2	423.7	104.1	-270.1	-270.1
10:52:59	414.2	423.7	107	-270.1	-270.1
10:53:00	414.2	423.7	110.1	-270.1	-270.1
10:53:01	414.2	423.7	113.7	-270.1	-270.1
10:53:02	414.2	423.7	117.7	-270.1	-270.1
10:53:03	414.2	423.7	121.9	-270.1	-270.1
10:53:04	414.1	423.7	126.6	-270.1	-270.1
10:53:05	414.1	423.7	131.4	-270.1	-270.1
10:53:06	414.1	423.7	136.3	-270.1	-270.1
10:53:07	414.1	423.7	141.4	-270.1	-270.1
10:53:08	414.1	423.6	146.4	-270.1	-270.1
10:53:09	414	423.7	151.5	-270.1	-270.1
10:53:10	414	423.7	156.6	-270.1	-270.1
10:53:11	414	423.6	161.7	-270.1	-270.1
10:53:12	414	423.6	166.6	-270.1	-270.1
10:53:13	413.9	423.6	171.3	-270.1	-270.1
10:53:14	413.9	423.6	175.8	-270.1	-270.1
10:53:15	413.9	423.6	180.2	-270.1	-270.1
10:53:16	413.9	423.6	184.5	-270.1	-270.1
10:53:17	413.9	423.6	188.6	-270.1	-270.1
10:53:18	413.8	423.6	192.7	-270.1	-270.1
10:53:19	413.8	423.6	196.7	-270.1	-270.1
10:53:20	413.8	423.6	200.6	-270.1	-270.1
10:53:21	413.8	423.6	204.4	-270.1	-270.1
10:53:22	413.8	423.6	208.3	-270.1	-270.1
10:53:23	413.7	423.6	212	-270.1	-270.1
10:53:24	413.7	423.6	215.7	-270.1	-270.1
10:53:25	413.7	423.6	219.2	-270.1	-270.1
10:53:26	413.7	423.6	222.7	-270.1	-270.1
10:53:27	413.7	423.6	226.2	-270.1	-270.1
10:53:28	413.6	423.6	229.6	-270.1	-270.1
10:53:29	413.6	423.6	232.9	-270.1	-270.1
10:53:30	413.6	423.6	236.2	-270.1	-270.1
10:53:31	413.6	423.6	239.4	-270.1	-270.1
10:53:32	413.5	423.6	242.5	-270.1	-270.1
10:53:33	413.5	423.6	245.6	-270.1	-270.1
10:53:34	413.5	423.6	248.7	-270.1	-270.1
10:53:35	413.5	423.6	251.7	-270.1	-270.1
10:53:36	413.5	423.6	254.7	-270.1	-270.1
10:53:37	413.5	423.6	257.6	-270.1	-270.1
10:53:38	413.4	423.6	260.4	-270.1	-270.1
10:53:39	413.4	423.6	263.2	-270.1	-270.1
10:53:40	413.4	423.6	265.9	-270.1	-270.1
10:53:41	413.4	423.6	268.6	-270.1	-270.1
10:53:42	413.4	423.5	271.3	-270.1	-270.1
10:53:43	413.4	423.5	273.9	-270.1	-270.1
10:53:44	413.4	423.5	276.4	-270.1	-270.1
10:53:45	413.4	423.5	278.9	-270.1	-270.1
10:53:46	413.4	423.5	281.3	-270.1	-270.1
10:53:47	413.3	423.5	283.7	-270.1	-270.1
10:53:48	413.3	423.5	286	-270.1	-270.1
10:53:49	413.3	423.5	288.3	-270.1	-270.1
10:53:50	413.3	423.5	290.6	-270.1	-270.1
10:53:51	413.3	423.5	292.8	-270.1	-270.1
10:53:52	413.3	423.4	292.8	-270.1	-270.1
10:53:53	413.3	423.4	295	-270.1	-270.1
10:53:54	413.3	423.4	297.1	-270.1	-270.1
10:53:55	413.3	423.4	299.2	-270.1	-270.1
10:53:56	413.3	423.4	301.3	-270.1	-270.1
10:53:57	413.3	423.4	303.3	-270.1	-270.1
10:53:58	413.3	423.4	305.2	-270.1	-270.1
10:53:59	413.2	423.4	307.2	-270.1	-270.1
10:54:00	413.2	423.4	309.1	-270.1	-270.1
10:54:01	413.2	423.4	310.9	-270.1	-270.1
10:54:02	413.2	423.4	312.8	-270.1	-270.1
10:54:03	413.2	423.4	314.6	-270.1	-270.1
10:54:04	413.2	423.3	316.3	-270.1	-270.1
10:54:05	413.2	423.3	318.1	-270.1	-270.1
10:54:06	413.2	423.3	319.8	-270.1	-270.1
10:54:07	413.1	423.3	321.5	-270.1	-270.1
10:54:08	413.1	423.3	323.1	-270.1	-270.1
10:54:09	413.1	423.3	324.7	-270.1	-270.1
10:54:10	413.1	423.3	326.3	-270.1	-270.1
10:54:11	413.1	423.3	327.9	-270.1	-270.1
10:54:12	413.1	423.3	329.4	-270.1	-270.1
10:54:13	413.1	423.3	330.9	-270.1	-270.1
10:54:14	413.1	423.3	332.4	-270.1	-270.1
10:54:15	413	423.2	333.8	-270.1	-270.1
10:54:16	413	423.3	335.2	-270.1	-270.1
10:54:17	413	423.2	336.6	-270.1	-270.1
10:54:18	413	423.2	338	-270.1	-270.1
10:54:19	413	423.2	339.3	-270.1	-270.1
10:54:20	413	423.2	340.6	-270.1	-270.1
10:54:21	413	423.2	341.9	-270.1	-270.1
10:54:22	413	423.2	343.1	-270.1	-270.1
10:54:23	413	423.2	344.4	-270.1	-270.1
10:54:24	413	423.2	345.5	-270.1	-270.1
10:54:25	413	423.2	346.7	-270.1	-270.1
10:54:26	413	423.2	347.8	-270.1	-270.1
10:54:27	413	423.2	348.9	-270.1	-270.1
10:54:28	412.9	423.2	350	-270.1	-270.1
10:54:29	412.9	423.2	351.1	-270.1	-270.1
10:54:30	412.9	423.2	352.1	-270.1	-270.1
10:54:31	412.9	423.2	353.2	-270.1	-270.1
10:54:32	412.9	423.2	354.2	-270.1	-270.1
10:54:33	412.9	423.1	355.2	-270.1	-270.1
10:54:34	412.9	423.1	356.2	-270.1	-270.1
10:54:35	412.9	423.1	357.1	-270.1	-270.1
10:54:36	412.9	423.1	358.1	-270.1	-270.1
10:54:37	412.9	423.1	359	-270.1	-270.1
10:54:38	412.8	423.1	359.9	-270.1	-270.1
10:54:39	412.8	423.1	360.8	-270.1	-270.1
10:54:40	412.8	423.1	361.7	-270.1	-270.1
10:54:41	412.8	423.1	362.5	-270.1	-270.1
10:54:42	412.8	423.1	363.4	-270.1	-270.1
10:54:43	412.8	423.1	364.2	-270.1	-270.1
10:54:44	412.8	423.1	365	-270.1	-270.1
10:54:45	412.8	423.1	365.8	-270.1	-270.1
10:54:46	412.8	423.1	366.6	-270.1	-270.1
10:54:47	412.8	423.1	367.3	-270.1	-270.1
10:54:48	412.9	423.1	368.1	-270.1	-270.1
10:54:49	412.9	423.1	368.8	-270.1	-270.1
10:54:50	412.9	423.1	369.6	-270.1	-270.1
10:54:51	412.9	423.2	370.4	-270.1	-270.1
10:54:52	412.9	423.2	371.1	-270.1	-270.1
10:54:53	412.9	423.1	371.7	-270.1	-270.1
10:54:54	412.9	423.1	372.4	-270.1	-270.1
10:54:55	412.9	423.1	373.1	-270.1	-270.1
10:54:56	412.9	423.1	373.8	-270.1	-270.1
10:54:57	413	423.2	374.5	-270.1	-270.1
10:54:58	413	423.2	375.1	-270.1	-270.1
10:54:59	413	423.1	375.7	-270.1	-270.1
10:55:00	413	423.1	375.7	-270.1	-270.1
10:55:01	413	423.2	376.3	-270.1	-270.1
10:55:02	413	423.1	376.9	-270.1	-270.1
10:55:03	413	423.2	377.5	-270.1	-270.1
10:55:04	413	423.2	378.1	-270.1	-270.1
10:55:05	413	423.2	378.6	-270.1	-270.1
10:55:06	412.9	423.1	379.2	-270.1	-270.1
10:55:07	412.9	423.1	379.6	-270.1	-270.1
10:55:08	413	423.2	380.1	-270.1	-270.1
10:55:09	413	423.2	380.7	-270.1	-270.1
10:55:10	413	423.2	381.2	-270.1	-270.1
10:55:11	413	423.2	381.7	-270.1	-270.1
10:55:12	413	423.2	382.1	-270.1	-270.1
10:55:13	413	423.2	382.6	-270.1	-270.1
10:55:14	413	423.2	383	-270.1	-270.1
10:55:15	413	423.2	383.4	-270.1	-270.1
10:55:16	413	423.2	383.9	-270.1	-270.1
10:55:17	413	423.2	384.3	-270.1	-270.1
10:55:18	412.9	423.2	384.7	-270.1	-270.1
10:55:19	412.9	423.2	385.1	-270.1	-270.1
10:55:20	412.9	423.2	385.5	-270.1	-270.1
10:55:21	412.9	423.2	385.9	-270.1	-270.1
10:55:22	412.9	423.2	386.3	-270.1	-270.1
10:55:23	412.9	423.1	386.6	-270.1	-270.1
10:55:24	412.9	423.1	387	-270.1	-270.1
10:55:25	412.9	423.2	387.5	-270.1	-270.1
10:55:26	412.9	423.2	387.8	-270.1	-270.1
10:55:27	412.9	423.2	388.2	-270.1	-270.1
10:55:28	412.9	423.2	388.5	-270.1	-270.1
10:55:29	412.9	423.2	388.9	-270.1	-270.1
10:55:30	412.9	423.2	389.2	-270.1	-270.1
10:55:31	412.9	423.2	389.6	-270.1	-270.1
10:55:33	412.9	423.2	389.9	-270.1	-270.1
10:55:33	412.9	423.2	390.2	-270.1	-270.1
10:55:34	412.9	423.2	390.6	-270.1	-270.1
10:55:35	412.9	423.2	390.9	-270.1	-270.1
10:55:36	412.9	423.2	391.2	-270.1	-270.1
10:55:37	412.9	423.2	391.5	-270.1	-270.1
10:55:38	412.9	423.2	391.8	-270.1	-270.1
10:55:39	412.9	423.2	392.1	-270.1	-270.1
10:55:40	412.9	423.3	392.3	-270.1	-270.1
10:55:41	412.9	423.3	392.6	-270.1	-270.1
10:55:42	412.9	423.3	392.9	-270.1	-270.1
10:55:43	412.9	423.3	393.1	-270.1	-270.1
10:55:44	412.9	423.3	393.4	-270.1	-270.1
10:55:45	412.9	423.3	393.7	-270.1	-270.1
10:55:46	412.9	423.3	393.9	-270.1	-270.1
10:55:47	412.9	423.3	394.2	-270.1	-270.1
10:55:48	412.9	423.3	394.4	-270.1	-270.1
10:55:49	412.9	423.3	394.7	-270.1	-270.1
10:55:50	412.9	423.3	394.9	-270.1	-270.1
10:55:51	412.9	423.3	395.1	-270.1	-270.1
10:55:52	412.9	423.3	395.4	-270.1	-270.1
10:55:53	412.9	423.3	395.6	-270.1	-270.1
10:55:54	412.9	423.3	395.8	-270.1	-270.1
10:55:55	412.9	423.3	396	-270.1	-270.1
10:55:56	412.9	423.3	396.2	-270.1	-270.1
10:55:57	412.9	423.3	396.4	-270.1	-270.1
10:55:58	412.9	423.3	396.7	-270.1	-270.1
10:55:59	412.9	423.3	396.9	-270.1	-270.1
10:56:00	412.9	423.3	397.1	-270.1	-270.1
10:56:01	412.9	423.3	397.3	-270.1	-270.1
10:56:02	412.9	423.4	397.5	-270.1	-270.1
10:56:03	412.9	423.4	397.6	-270.1	-270.1
10:56:04	412.9	423.4	397.8	-270.1	-270.1
10:56:05	413	423.4	398.1	-270.1	-270.1
10:56:06	413	423.4	398.2	-270.1	-270.1
10:56:07	412.9	423.4	398.4	-270.1	-270.1
10:56:08	412.9	423.4	398.5	-270.1	-270.1
10:56:09	412.9	423.4	398.5	-270.1	-270.1
10:56:10	412.9	423.4	398.7	-270.1	-270.1
10:56:11	413	423.4	398.9	-270.1	-270.1
10:56:12	413	423.4	399	-270.1	-270.1
10:56:13	413	423.4	399.2	-270.1	-270.1
10:56:14	413	423.4	399.4	-270.1	-270.1
10:56:15	413	423.4	399.5	-270.1	-270.1
10:56:16	413	423.4	399.7	-270.1	-270.1
10:56:17	413	423.5	399.8	-270.1	-270.1
10:56:18	413	423.5	400	-270.1	-270.1
10:56:19	413	423.5	400.1	-270.1	-270.1
10:56:20	413	423.5	400.3	-270.1	-270.1
10:56:21	413	423.5	400.4	-270.1	-270.1
10:56:22	412.9	423.5	400.5	-270.1	-270.1
10:56:23	412.9	423.5	400.7	-270.1	-270.1
10:56:24	412.9	423.5	400.8	-270.1	-270.1
10:56:25	412.9	423.5	401	-270.1	-270.1
10:56:26	412.9	423.6	401.1	-270.1	-270.1
10:56:27	412.9	423.6	401.2	-270.1	-270.1
10:56:28	412.9	423.6	401.3	-270.1	-270.1
10:56:29	412.9	423.6	401.5	-270.1	-270.1
10:56:30	412.9	423.6	401.6	-270.1	-270.1
10:56:31	412.9	423.6	401.7	-270.1	-270.1
10:56:32	412.9	423.6	401.8	-270.1	-270.1
10:56:33	412.9	423.6	402	-270.1	-270.1
10:56:34	412.9	423.6	402.1	-270.1	-270.1
10:56:35	412.9	423.6	402.2	-270.1	-270.1
10:56:36	412.9	423.7	402.3	-270.1	-270.1
10:56:37	412.9	423.7	402.4	-270.1	-270.1
10:56:38	412.9	423.7	402.6	-270.1	-270.1
10:56:39	412.9	423.7	402.6	-270.1	-270.1
10:56:40	412.9	423.7	402.7	-270.1	-270.1
10:56:41	412.9	423.8	402.9	-270.1	-270.1
10:56:42	412.9	423.8	403	-270.1	-270.1
10:56:43	412.9	423.8	403.1	-270.1	-270.1
10:56:44	412.9	423.8	403.2	-270.1	-270.1
10:56:45	412.9	423.8	403.3	-270.1	-270.1
10:56:46	413	423.8	403.4	-270.1	-270.1
10:56:47	413	423.8	403.5	-270.1	-270.1
10:56:48	413	423.8	403.6	-270.1	-270.1
10:56:49	412.9	423.7	403.6	-270.1	-270.1
10:56:50	412.9	423.7	403.7	-270.1	-270.1
10:56:51	413	423.8	403.8	-270.1	-270.1
10:56:52	413	423.8	403.9	-270.1	-270.1
10:56:53	412.9	423.7	403.9	-270.1	-270.1
10:56:54	413	423.7	404	-270.1	-270.1
10:56:55	413	423.8	404.2	-270.1	-270.1
10:56:56	413	423.8	404.3	-270.1	-270.1
10:56:57	413	423.8	404.4	-270.1	-270.1
10:56:58	413	423.8	404.4	-270.1	-270.1
10:56:59	413.1	423.8	404.5	-270.1	-270.1
10:57:00	413.1	423.8	404.6	-270.1	-270.1
10:57:01	413.1	423.8	404.7	-270.1	-270.1
10:57:02	413.1	423.8	404.8	-270.1	-270.1
10:57:03	413.1	423.8	404.8	-270.1	-270.1
10:57:04	413.1	423.7	404.9	-270.1	-270.1
10:57:05	413.1	423.8	405	-270.1	-270.1
10:57:06	413.1	423.7	405.1	-270.1	-270.1
10:57:07	413	423.7	405.1	-270.1	-270.1
10:57:08	413	423.7	405.2	-270.1	-270.1
10:57:09	413.1	423.7	405.3	-270.1	-270.1
10:57:10	413	423.7	405.4	-270.1	-270.1
10:57:11	413	423.7	405.4	-270.1	-270.1
10:57:12	413	423.7	405.5	-270.1	-270.1
10:57:13	413	423.7	405.6	-270.1	-270.1
10:57:14	413	423.7	405.6	-270.1	-270.1
10:57:15	413	423.7	405.7	-270.1	-270.1
10:57:16	413	423.7	405.8	-270.1	-270.1
10:57:17	413	423.7	405.8	-270.1	-270.1
10:57:18	413	423.7	405.8	-270.1	-270.1
10:57:19	413	423.7	405.9	-270.1	-270.1
10:57:20	413	423.7	405.9	-270.1	-270.1
10:57:21	413	423.8	406	-270.1	-270.1
10:57:22	413	423.8	406	-270.1	-270.1
10:57:23	413	423.8	406	-270.1	-270.1
10:57:24	413	423.8	406.1	-270.1	-270.1
10:57:25	413	423.8	406.2	-270.1	-270.1
10:57:26	413	423.8	406.2	-270.1	-270.1
10:57:27	413	423.8	406.3	-270.1	-270.1
10:57:28	413	423.8	406.3	-270.1	-270.1
10:57:29	413	423.8	406.3	-270.1	-270.1
10:57:30	413	423.8	406.4	-270.1	-270.1
10:57:31	413	423.8	406.4	-270.1	-270.1
10:57:32	413	423.8	406.5	-270.1	-270.1
10:57:33	413	423.8	406.5	-270.1	-270.1
10:57:34	413	423.8	406.6	-270.1	-270.1
10:57:35	413	423.8	406.6	-270.1	-270.1
10:57:36	413	423.8	406.7	-270.1	-270.1
10:57:37	413	423.8	406.8	-270.1	-270.1
10:57:38	413	423.9	406.8	-270.1	-270.1
10:57:39	413	423.8	406.9	-270.1	-270.1
10:57:40	413	423.9	406.9	-270.1	-270.1
10:57:41	413	423.9	407	-270.1	-270.1
10:57:42	413	423.9	407	-270.1	-270.1
10:57:43	413	423.9	407.1	-270.1	-270.1
10:57:44	413	423.9	407.1	-270.1	-270.1
10:57:45	413	423.9	407.2	-270.1	-270.1
10:57:46	413	423.9	407.3	-270.1	-270.1
10:57:47	413	423.9	407.3	-270.1	-270.1
10:57:48	413	423.9	407.4	-270.1	-270.1
10:57:49	413	423.9	407.4	-270.1	-270.1
10:57:50	413	424	407.5	-270.1	-270.1
10:57:51	413	424	407.5	-270.1	-270.1
10:57:52	413	424	407.5	-270.1	-270.1
10:57:53	413	424	407.6	-270.1	-270.1
10:57:54	413	424	407.6	-270.1	-270.1
10:57:55	413	424	407.6	-270.1	-270.1
10:57:56	413	424	407.6	-270.1	-270.1
10:57:57	413	424	407.6	-270.1	-270.1
10:57:58	413	424	407.7	-270.1	-270.1
10:57:59	413.1	424.1	407.8	-270.1	-270.1
10:58:00	413.1	424.1	407.8	-270.1	-270.1
10:58:01	413	424	407.8	-270.1	-270.1
10:58:02	413	424.1	407.9	-270.1	-270.1
10:58:03	413	424.1	407.9	-270.1	-270.1
10:58:04	413	424.1	407.9	-270.1	-270.1
10:58:05	413	424.1	408	-270.1	-270.1
10:58:06	413	424.1	408	-270.1	-270.1
10:58:07	413	424.1	408	-270.1	-270.1
10:58:08	413	424.1	408.1	-270.1	-270.1
10:58:09	413	424.1	408.1	-270.1	-270.1
10:58:10	413	424.1	408.1	-270.1	-270.1
10:58:11	413	424.1	408.2	-270.1	-270.1
10:58:12	413	424.1	408.2	-270.1	-270.1
10:58:13	413	424.1	408.3	-270.1	-270.1
10:58:14	413	424.1	408.3	-270.1	-270.1
10:58:15	413	424.1	408.3	-270.1	-270.1
10:58:16	413	424.1	408.4	-270.1	-270.1
10:58:17	413	424.2	408.5	-270.1	-270.1
10:58:18	413	424.2	408.5	-270.1	-270.1
10:58:19	413	424.1	408.5	-270.1	-270.1
10:58:20	413	424.1	408.5	-270.1	-270.1
10:58:21	413	424.1	408.5	-270.1	-270.1
10:58:22	413	424.1	408.6	-270.1	-270.1
10:58:23	413	424.1	408.6	-270.1	-270.1
10:58:24	413	424.1	408.6	-270.1	-270.1
10:58:25	413	424.1	408.6	-270.1	-270.1
10:58:26	413	424.1	408.6	-270.1	-270.1
10:58:27	413	424.2	408.7	-270.1	-270.1
10:58:28	413	424.2	408.7	-270.1	-270.1
10:58:29	413	424.2	408.8	-270.1	-270.1
10:58:30	413	424.2	408.8	-270.1	-270.1
10:58:31	413	424.2	408.8	-270.1	-270.1
10:58:32	413	424.2	408.9	-270.1	-270.1
10:58:33	413	424.2	408.9	-270.1	-270.1
10:58:34	413	424.2	408.9	-270.1	-270.1
10:58:35	413	424.2	408.9	-270.1	-270.1
10:58:36	413	424.2	409	-270.1	-270.1
10:58:37	413	424.2	409	-270.1	-270.1
10:58:38	412.9	424.2	409	-270.1	-270.1
10:58:39	412.9	424.2	409	-270.1	-270.1
10:58:40	412.9	424.2	409.1	-270.1	-270.1
10:58:41	412.9	424.2	409.1	-270.1	-270.1
10:58:42	412.9	424.2	409.1	-270.1	-270.1
10:58:43	412.9	424.2	409.2	-270.1	-270.1
10:58:44	412.9	424.2	409.2	-270.1	-270.1
10:58:45	412.9	424.2	409.2	-270.1	-270.1
10:58:46	412.9	424.2	409.2	-270.1	-270.1
10:58:47	412.9	424.2	409.3	-270.1	-270.1
10:58:48	412.9	424.2	409.3	-270.1	-270.1
10:58:49	412.9	424.2	409.3	-270.1	-270.1
10:58:50	412.9	424.2	409.3	-270.1	-270.1
10:58:51	412.9	424.2	409.4	-270.1	-270.1
10:58:52	412.9	424.2	409.4	-270.1	-270.1
10:58:53	412.9	424.2	409.4	-270.1	-270.1
10:58:54	412.9	424.2	409.4	-270.1	-270.1
10:58:55	412.9	424.2	409.5	-270.1	-270.1
10:58:56	412.9	424.2	409.5	-270.1	-270.1
10:58:57	412.9	424.2	409.5	-270.1	-270.1
10:58:58	412.9	424.2	409.6	-270.1	-270.1
10:58:59	412.9	424.2	409.6	-270.1	-270.1
10:59:00	412.9	424.2	409.6	-270.1	-270.1
10:59:01	412.9	424.2	409.6	-270.1	-270.1
10:59:02	412.9	424.2	409.6	-270.1	-270.1
10:59:03	412.9	424.2	409.6	-270.1	-270.1
10:59:04	412.9	424.2	409.6	-270.1	-270.1
10:59:05	412.9	424.2	409.6	-270.1	-270.1
10:59:06	412.9	424.2	409.7	-270.1	-270.1
10:59:07	412.9	424.2	409.7	-270.1	-270.1
10:59:08	412.9	424.2	409.7	-270.1	-270.1
10:59:09	412.9	424.2	409.7	-270.1	-270.1
10:59:10	412.9	424.2	409.8	-270.1	-270.1
10:59:11	412.9	424.2	409.8	-270.1	-270.1
10:59:12	412.9	424.2	409.8	-270.1	-270.1
10:59:13	412.9	424.2	409.8	-270.1	-270.1
10:59:14	412.9	424.2	409.9	-270.1	-270.1
10:59:15	412.9	424.3	409.9	-270.1	-270.1
10:59:16	412.9	424.3	409.9	-270.1	-270.1
10:59:17	412.9	424.2	409.9	-270.1	-270.1
10:59:18	412.9	424.3	410	-270.1	-270.1
10:59:19	412.9	424.3	410	-270.1	-270.1
10:59:20	412.9	424.3	410	-270.1	-270.1
10:59:21	412.9	424.3	410	-270.1	-270.1
10:59:22	412.9	424.3	410.1	-270.1	-270.1
10:59:23	412.9	424.3	410.1	-270.1	-270.1
10:59:24	412.9	424.3	410.1	-270.1	-270.1
10:59:25	412.9	424.3	410.1	-270.1	-270.1
10:59:26	412.9	424.3	410.1	-270.1	-270.1
10:59:27	412.9	424.3	410.2	-270.1	-270.1
10:59:28	412.9	424.3	410.2	-270.1	-270.1
10:59:29	412.9	424.3	410.2	-270.1	-270.1
10:59:30	412.9	424.3	410.2	-270.1	-270.1
10:59:31	412.9	424.3	410.2	-270.1	-270.1
10:59:32	412.9	424.3	410.2	-270.1	-270.1
10:59:33	412.9	424.3	410.3	-270.1	-270.1
10:59:34	412.9	424.3	410.3	-270.1	-270.1
10:59:35	412.9	424.3	410.3	-270.1	-270.1
10:59:36	412.9	424.3	410.3	-270.1	-270.1
10:59:37	412.9	424.3	410.3	-270.1	-270.1
10:59:38	412.9	424.3	410.4	-270.1	-270.1
10:59:39	413	424.4	410.4	-270.1	-270.1
10:59:40	413	424.4	410.4	-270.1	-270.1
10:59:41	413	424.4	410.4	-270.1	-270.1
10:59:42	413	424.4	410.5	-270.1	-270.1
10:59:43	412.9	424.3	410.5	-270.1	-270.1
10:59:44	412.9	424.3	410.5	-270.1	-270.1
10:59:45	413	424.3	410.5	-270.1	-270.1
10:59:46	413	424.3	410.5	-270.1	-270.1
10:59:47	413	424.3	410.5	-270.1	-270.1
10:59:48	413	424.3	410.5	-270.1	-270.1
10:59:49	413	424.3	410.5	-270.1	-270.1
10:59:50	413	424.3	410.5	-270.1	-270.1
10:59:51	413.1	424.3	410.6	-270.1	-270.1
10:59:52	413.1	424.4	410.6	-270.1	-270.1
10:59:53	413	424.4	410.6	-270.1	-270.1
10:59:54	413	424.3	410.6	-270.1	-270.1
10:59:55	413	424.3	410.6	-270.1	-270.1
10:59:56	413	424.3	410.6	-270.1	-270.1
10:59:57	413	424.3	410.6	-270.1	-270.1
10:59:58	413	424.3	410.6	-270.1	-270.1
10:59:59	413	424.3	410.6	-270.1	-270.1
11:00:00	413.1	424.4	410.7	-270.1	-270.1
11:00:01	413.1	424.4	410.7	-270.1	-270.1
11:00:02	413.1	424.3	410.7	-270.1	-270.1
11:00:03	413.1	424.3	410.7	-270.1	-270.1
11:00:04	413.1	424.4	410.7	-270.1	-270.1
11:00:05	413.1	424.4	410.7	-270.1	-270.1
11:00:06	413.1	424.4	410.7	-270.1	-270.1
11:00:07	413.1	424.4	410.8	-270.1	-270.1
11:00:08	413.1	424.4	410.8	-270.1	-270.1
11:00:09	413.1	424.4	410.8	-270.1	-270.1
11:00:10	413.1	424.4	410.8	-270.1	-270.1
11:00:11	413.2	424.4	410.8	-270.1	-270.1
11:00:12	413.2	424.4	410.8	-270.1	-270.1
11:00:13	413.2	424.4	410.8	-270.1	-270.1
11:00:14	413.2	424.4	410.9	-270.1	-270.1
11:00:15	413.2	424.4	410.9	-270.1	-270.1
11:00:16	413.2	424.4	410.9	-270.1	-270.1
11:00:17	413.1	424.4	410.9	-270.1	-270.1
11:00:18	413.1	424.4	410.9	-270.1	-270.1
11:00:19	413.2	424.4	410.9	-270.1	-270.1
11:00:20	413.2	424.4	411	-270.1	-270.1
11:00:21	413.2	424.4	410.8	-270.1	-270.1
11:00:22	413.2	424.4	410.8	-270.1	-270.1
11:00:23	413.2	424.4	410.8	-270.1	-270.1
11:00:24	413.2	424.4	410.7	-270.1	-270.1
11:00:25	413.2	424.5	410.8	-270.1	-270.1
11:00:26	413.3	424.5	410.7	-270.1	-270.1
11:00:27	413.3	424.5	410.7	-270.1	-270.1
11:00:28	413.3	424.5	410.7	-270.1	-270.1
11:00:29	413.3	424.5	410.7	-270.1	-270.1
11:00:30	413.3	424.5	410.7	-270.1	-270.1
11:00:31	413.3	424.5	410.7	-270.1	-270.1
11:00:32	413.3	424.5	410.8	-270.1	-270.1
11:00:33	413.3	424.5	410.8	-270.1	-270.1
11:00:34	413.3	424.5	410.8	-270.1	-270.1
11:00:35	413.3	424.5	410.8	-270.1	-270.1
11:00:36	413.3	424.5	410.8	-270.1	-270.1
11:00:37	413.3	424.5	410.9	-270.1	-270.1
11:00:38	413.3	424.5	410.9	-270.1	-270.1
11:00:39	413.3	424.5	410.9	-270.1	-270.1
11:00:40	413.3	424.5	410.9	-270.1	-270.1
11:00:41	413.3	424.5	410.9	-270.1	-270.1
11:00:42	413.2	424.5	410.9	-270.1	-270.1
11:00:43	413.2	424.5	410.9	-270.1	-270.1
11:00:44	413.2	424.5	410.9	-270.1	-270.1
11:00:45	413.2	424.5	410.9	-270.1	-270.1
11:00:46	413.2	424.5	410.9	-270.1	-270.1
11:00:47	413.2	424.5	410.9	-270.1	-270.1
11:00:48	413.2	424.5	411	-270.1	-270.1
11:00:49	413.2	424.5	411	-270.1	-270.1
11:00:50	413.2	424.5	411	-270.1	-270.1
11:00:51	413.2	424.5	411	-270.1	-270.1
11:00:52	413.2	424.5	411	-270.1	-270.1
11:00:53	413.2	424.5	411	-270.1	-270.1
11:00:54	413.2	424.5	411.1	-270.1	-270.1
11:00:55	413.2	424.5	411.1	-270.1	-270.1
11:00:56	413.2	424.5	411.1	-270.1	-270.1
11:00:57	413.2	424.5	411.1	-270.1	-270.1
11:00:58	413.2	424.5	411.1	-270.1	-270.1
11:00:59	413.2	424.5	411.1	-270.1	-270.1
11:01:00	413.2	424.5	411.1	-270.1	-270.1
11:01:01	413.2	424.5	411.2	-270.1	-270.1
11:01:02	413.2	424.5	411.2	-270.1	-270.1
11:01:03	413.2	424.5	411.2	-270.1	-270.1
11:01:04	413.2	424.5	411.2	-270.1	-270.1
11:01:05	413.2	424.5	411.2	-270.1	-270.1
11:01:06	413.2	424.5	411.2	-270.1	-270.1
11:01:07	413.2	424.5	411.2	-270.1	-270.1
11:01:08	413.2	424.5	411.3	-270.1	-270.1
11:01:09	413.2	424.5	411.3	-270.1	-270.1
11:01:10	413.2	424.5	411.3	-270.1	-270.1
11:01:11	413.2	424.5	411.3	-270.1	-270.1
11:01:13	413.2	424.5	411.3	-270.1	-270.1
11:01:15	413.2	424.5	411.3	-270.1	-270.1
11:01:17	413.2	424.5	411.4	-270.1	-270.1
11:01:18	413.2	424.5	411.4	-270.1	-270.1
11:01:19	413.2	424.5	411.4	-270.1	-270.1
11:01:20	413.2	424.5	411.4	-270.1	-270.1
11:01:21	413.2	424.5	411.4	-270.1	-270.1
11:01:22	413.2	424.5	411.3	-270.1	-270.1
11:01:23	413.2	424.5	411.3	-270.1	-270.1
11:01:24	413.2	424.5	411.3	-270.1	-270.1
11:01:25	413.2	424.5	411.3	-270.1	-270.1
11:01:26	413.2	424.5	411.3	-270.1	-270.1
11:01:27	413.2	424.6	411.4	-270.1	-270.1
11:01:28	413.2	424.6	411.3	-270.1	-270.1
11:01:29	413.2	424.6	411.2	-270.1	-270.1
11:01:30	413.2	424.6	411.2	-270.1	-270.1
11:01:31	413.2	424.6	411.2	-270.1	-270.1
11:01:32	413.2	424.6	411.2	-270.1	-270.1
11:01:33	413.2	424.6	411.2	-270.1	-270.1
11:01:34	413.2	424.6	411.2	-270.1	-270.1
11:01:35	413.2	424.6	411.3	-270.1	-270.1
11:01:36	413.2	424.6	411.3	-270.1	-270.1
11:01:37	413.2	424.6	411.3	-270.1	-270.1
11:01:38	413.2	424.6	411.3	-270.1	-270.1
11:01:39	413.2	424.6	411.3	-270.1	-270.1
11:01:40	413.2	424.6	411.3	-270.1	-270.1
11:01:41	413.2	424.6	411.3	-270.1	-270.1
11:01:42	413.2	424.6	411.3	-270.1	-270.1
11:01:43	413.2	424.6	411.3	-270.1	-270.1
11:01:44	413.2	424.6	411.3	-270.1	-270.1
11:01:45	413.2	424.6	411.3	-270.1	-270.1
11:01:46	413.2	424.6	411.3	-270.1	-270.1
11:01:47	413.3	424.6	411.3	-270.1	-270.1
11:01:48	413.3	424.6	411.3	-270.1	-270.1
11:01:49	413.3	424.6	411.3	-270.1	-270.1
11:01:50	413.3	424.6	411.3	-270.1	-270.1
11:01:51	413.3	424.6	411.3	-270.1	-270.1
11:01:52	413.3	424.6	411.4	-270.1	-270.1
11:01:53	413.3	424.6	411.4	-270.1	-270.1
11:01:54	413.3	424.6	411.4	-270.1	-270.1
11:01:55	413.3	424.6	411.4	-270.1	-270.1
11:01:56	413.3	424.6	411.5	-270.1	-270.1
11:01:57	413.3	424.6	411.5	-270.1	-270.1
11:01:58	413.3	424.6	411.5	-270.1	-270.1
11:01:59	413.3	424.6	411.5	-270.1	-270.1
11:02:00	413.3	424.6	411.5	-270.1	-270.1
11:02:01	413.3	424.6	411.6	-270.1	-270.1
11:02:02	413.4	424.6	411.6	-270.1	-270.1
11:02:03	413.3	424.6	411.6	-270.1	-270.1
11:02:04	413.3	424.6	411.6	-270.1	-270.1
11:02:05	413.4	424.6	411.6	-270.1	-270.1
11:02:06	413.4	424.6	411.6	-270.1	-270.1
11:02:07	413.4	424.6	411.6	-270.1	-270.1
11:02:08	413.4	424.6	411.6	-270.1	-270.1
11:02:09	413.4	424.6	411.6	-270.1	-270.1
11:02:10	413.4	424.6	411.6	-270.1	-270.1
11:02:11	413.4	424.6	411.6	-270.1	-270.1
11:02:12	413.4	424.6	411.7	-270.1	-270.1
11:02:13	413.4	424.6	411.7	-270.1	-270.1
11:02:14	413.4	424.6	411.7	-270.1	-270.1
11:02:15	413.4	424.7	411.7	-270.1	-270.1
11:02:16	413.3	424.7	411.7	-270.1	-270.1
11:02:17	413.3	424.6	411.7	-270.1	-270.1
11:02:18	413.3	424.7	411.6	-270.1	-270.1
11:02:19	413.3	424.7	411.6	-270.1	-270.1
11:02:20	413.3	424.7	411.7	-270.1	-270.1
11:02:21	413.3	424.6	411.7	-270.1	-270.1
11:02:22	413.3	424.7	411.7	-270.1	-270.1
11:02:23	413.3	424.7	411.7	-270.1	-270.1
11:02:24	413.4	424.7	411.8	-270.1	-270.1
11:02:25	413.4	424.7	411.8	-270.1	-270.1
11:02:26	413.3	424.7	411.7	-270.1	-270.1
11:02:27	413.3	424.7	411.7	-270.1	-270.1
11:02:28	413.3	424.7	411.7	-270.1	-270.1
11:02:29	413.3	424.7	411.8	-270.1	-270.1
11:02:30	413.3	424.7	411.8	-270.1	-270.1
11:02:31	413.4	424.7	411.8	-270.1	-270.1
11:02:32	413.4	424.7	411.8	-270.1	-270.1
11:02:33	413.4	424.7	411.8	-270.1	-270.1
11:02:34	413.4	424.7	411.8	-270.1	-270.1
11:02:35	413.4	424.7	411.8	-270.1	-270.1
11:02:36	413.4	424.7	411.9	-270.1	-270.1
11:02:37	413.4	424.7	411.9	-270.1	-270.1
11:02:38	413.4	424.7	411.9	-270.1	-270.1
11:02:39	413.4	424.7	411.9	-270.1	-270.1
11:02:40	413.4	424.7	411.9	-270.1	-270.1
11:02:41	413.4	424.7	411.9	-270.1	-270.1
11:02:42	413.4	424.7	411.9	-270.1	-270.1
11:02:43	413.4	424.7	411.8	-270.1	-270.1
11:02:44	413.4	424.7	411.8	-270.1	-270.1
11:02:45	413.4	424.7	411.8	-270.1	-270.1
11:02:46	413.4	424.7	411.8	-270.1	-270.1
11:02:47	413.4	424.7	411.8	-270.1	-270.1
11:02:48	413.4	424.7	411.8	-270.1	-270.1
11:02:49	413.4	424.7	411.9	-270.1	-270.1
11:02:50	413.4	424.7	411.9	-270.1	-270.1
11:02:51	413.4	424.7	411.9	-270.1	-270.1
11:02:52	413.5	424.7	411.9	-270.1	-270.1
11:02:53	413.5	424.7	411.9	-270.1	-270.1
11:02:54	413.5	424.7	411.9	-270.1	-270.1
11:02:55	413.5	424.7	411.9	-270.1	-270.1
11:02:56	413.5	424.7	411.9	-270.1	-270.1
11:02:57	413.5	424.7	411.9	-270.1	-270.1
11:02:58	413.5	424.7	411.9	-270.1	-270.1
11:02:59	413.5	424.7	411.9	-270.1	-270.1
11:03:00	413.5	424.7	411.9	-270.1	-270.1
11:03:01	413.5	424.7	411.9	-270.1	-270.1
11:03:02	413.5	424.7	412	-270.1	-270.1
11:03:03	413.5	424.7	412	-270.1	-270.1
11:03:04	413.5	424.7	412	-270.1	-270.1
11:03:05	413.5	424.7	412	-270.1	-270.1
11:03:06	413.5	424.8	412	-270.1	-270.1
11:03:07	413.5	424.8	412	-270.1	-270.1
11:03:08	413.5	424.8	412	-270.1	-270.1
11:03:09	413.5	424.8	412	-270.1	-270.1
11:03:10	413.5	424.8	412	-270.1	-270.1
11:03:11	413.5	424.8	412	-270.1	-270.1
11:03:12	413.5	424.8	412.1	-270.1	-270.1
11:03:13	413.5	424.8	412.1	-270.1	-270.1
11:03:14	413.5	424.8	412.1	-270.1	-270.1
11:03:15	413.5	424.8	412.1	-270.1	-270.1
11:03:16	413.5	424.8	412.1	-270.1	-270.1
11:03:17	413.5	424.8	412.1	-270.1	-270.1
11:03:18	413.5	424.8	412.1	-270.1	-270.1
11:03:19	413.5	424.8	412.1	-270.1	-270.1
11:03:20	413.5	424.8	412.1	-270.1	-270.1
11:03:21	413.5	424.8	412.1	-270.1	-270.1
11:03:22	413.5	424.8	411.9	-270.1	-270.1
11:03:23	413.5	424.8	411.8	-270.1	-270.1
11:03:24	413.5	424.8	411.8	-270.1	-270.1
11:03:25	413.5	424.8	411.8	-270.1	-270.1
11:03:26	413.5	424.8	411.8	-270.1	-270.1
11:03:27	413.5	424.8	411.8	-270.1	-270.1
11:03:28	413.5	424.8	411.8	-270.1	-270.1
11:03:29	413.4	424.8	411.8	-270.1	-270.1
11:03:30	413.4	424.8	411.9	-270.1	-270.1
11:03:31	413.4	424.8	411.9	-270.1	-270.1
11:03:32	413.4	424.8	411.9	-270.1	-270.1
11:03:33	413.4	424.8	411.8	-270.1	-270.1
11:03:34	413.4	424.9	411.7	-270.1	-270.1
11:03:35	413.4	424.9	411.7	-270.1	-270.1
11:03:36	413.4	424.9	411.7	-270.1	-270.1
11:03:37	413.4	424.9	411.8	-270.1	-270.1
11:03:38	413.4	424.9	411.8	-270.1	-270.1
11:03:39	413.4	424.9	411.8	-270.1	-270.1
11:03:40	413.4	424.9	411.8	-270.1	-270.1
11:03:41	413.4	424.9	411.8	-270.1	-270.1
11:03:42	413.4	424.9	411.9	-270.1	-270.1
11:03:43	413.4	424.9	411.9	-270.1	-270.1
11:03:44	413.4	424.9	411.9	-270.1	-270.1
11:03:45	413.4	424.9	411.9	-270.1	-270.1
11:03:46	413.4	424.9	411.9	-270.1	-270.1
11:03:47	413.4	424.9	411.9	-270.1	-270.1
11:03:48	413.4	424.9	411.9	-270.1	-270.1
11:03:49	413.4	424.9	411.9	-270.1	-270.1
11:03:50	413.4	424.9	411.9	-270.1	-270.1
11:03:51	413.4	424.9	411.9	-270.1	-270.1
11:03:52	413.4	424.9	411.9	-270.1	-270.1
11:03:53	413.4	424.9	411.9	-270.1	-270.1
11:03:54	413.4	424.9	411.9	-270.1	-270.1
11:03:55	413.4	424.9	412	-270.1	-270.1
11:03:56	413.4	424.9	412	-270.1	-270.1
11:03:57	413.4	424.9	412	-270.1	-270.1
11:03:58	413.4	424.9	411.9	-270.1	-270.1
11:03:59	413.4	424.9	411.9	-270.1	-270.1
11:04:00	413.4	424.9	411.9	-270.1	-270.1
11:04:01	413.4	424.9	411.9	-270.1	-270.1
11:04:02	413.4	424.9	411.9	-270.1	-270.1
11:04:03	413.4	424.9	411.8	-270.1	-270.1
11:04:04	413.4	424.9	411.8	-270.1	-270.1
11:04:05	413.4	424.9	411.8	-270.1	-270.1
11:04:06	413.4	424.9	411.8	-270.1	-270.1
11:04:07	413.4	424.9	411.8	-270.1	-270.1
11:04:08	413.4	424.9	411.9	-270.1	-270.1
11:04:09	413.4	424.9	411.9	-270.1	-270.1
11:04:10	413.4	424.9	411.9	-270.1	-270.1
11:04:11	413.4	424.9	411.9	-270.1	-270.1
11:04:12	413.4	424.9	411.9	-270.1	-270.1
11:04:13	413.4	424.9	411.9	-270.1	-270.1
11:04:14	413.4	424.9	412	-270.1	-270.1
11:04:15	413.4	424.9	412	-270.1	-270.1
11:04:16	413.4	424.9	412	-270.1	-270.1
11:04:17	413.4	424.9	412	-270.1	-270.1
11:04:18	413.4	424.9	412	-270.1	-270.1
11:04:19	413.4	424.9	412.1	-270.1	-270.1
11:04:20	413.4	424.9	412.1	-270.1	-270.1
11:04:21	413.4	424.9	412.1	-270.1	-270.1
11:04:22	413.4	424.9	412.1	-270.1	-270.1
11:04:23	413.4	424.9	412.1	-270.1	-270.1
11:04:24	413.4	424.9	412.2	-270.1	-270.1
11:04:25	413.4	424.9	412.2	-270.1	-270.1
11:04:26	413.4	424.9	412.2	-270.1	-270.1
11:04:27	413.4	424.9	412.1	-270.1	-270.1
11:04:28	413.4	424.9	412.1	-270.1	-270.1
11:04:29	413.4	425	412.1	-270.1	-270.1
11:04:30	413.4	425	412.1	-270.1	-270.1
11:04:31	413.4	424.9	412.1	-270.1	-270.1
11:04:32	413.4	425	412.1	-270.1	-270.1
11:04:33	413.4	425	412.2	-270.1	-270.1
11:04:34	413.4	424.9	412.2	-270.1	-270.1
11:04:35	413.4	425	412.1	-270.1	-270.1
11:04:36	413.4	425	412.2	-270.1	-270.1
11:04:37	413.4	425	412.2	-270.1	-270.1
11:04:38	413.4	425	412.2	-270.1	-270.1
11:04:39	413.4	425	412.2	-270.1	-270.1
11:04:40	413.4	425	412.2	-270.1	-270.1
11:04:41	413.4	425	412.3	-270.1	-270.1
11:04:42	413.4	425	412.3	-270.1	-270.1
11:04:43	413.4	425	412.3	-270.1	-270.1
11:04:44	413.4	425	412.2	-270.1	-270.1
11:04:45	413.4	425	412.1	-270.1	-270.1
11:04:46	413.4	424.9	412	-270.1	-270.1
11:04:47	413.4	425	412	-270.1	-270.1
11:04:48	413.4	424.9	412	-270.1	-270.1
11:04:49	413.4	425	412	-270.1	-270.1
11:04:50	413.4	424.9	412	-270.1	-270.1
11:04:51	413.4	424.9	412.1	-270.1	-270.1
11:04:52	413.4	424.9	412.1	-270.1	-270.1
11:04:53	413.4	424.9	412.1	-270.1	-270.1
11:04:54	413.4	424.9	412.1	-270.1	-270.1
11:04:55	413.4	424.9	412.1	-270.1	-270.1
11:04:56	413.4	424.9	412.2	-270.1	-270.1
11:04:57	413.4	424.9	412.2	-270.1	-270.1
11:04:58	413.4	424.9	412.2	-270.1	-270.1
11:04:59	413.4	424.9	412.2	-270.1	-270.1
11:05:00	413.4	424.9	412.2	-270.1	-270.1
11:05:01	413.4	424.9	412.3	-270.1	-270.1
11:05:02	413.4	424.9	412.3	-270.1	-270.1
11:05:03	413.4	424.9	412.3	-270.1	-270.1
11:05:04	413.4	424.9	412.3	-270.1	-270.1
11:05:05	413.4	424.9	412.3	-270.1	-270.1
11:05:06	413.4	424.9	412.3	-270.1	-270.1
11:05:07	413.4	424.9	412.4	-270.1	-270.1
11:05:08	413.3	424.9	412.4	-270.1	-270.1
11:05:09	413.3	424.9	412.4	-270.1	-270.1
11:05:10	413.3	424.9	412.4	-270.1	-270.1
11:05:11	413.3	424.9	412.4	-270.1	-270.1
11:05:12	413.3	424.9	412.4	-270.1	-270.1
11:05:13	413.3	424.9	412.4	-270.1	-270.1
11:05:14	413.3	424.9	412.4	-270.1	-270.1
11:05:15	413.4	424.9	412.5	-270.1	-270.1
11:05:16	413.4	424.9	412.4	-270.1	-270.1
11:05:17	413.4	424.9	412.5	-270.1	-270.1
11:05:18	413.4	424.9	412.5	-270.1	-270.1
11:05:19	413.4	424.9	412.5	-270.1	-270.1
11:05:20	413.4	424.9	412.5	-270.1	-270.1
11:05:21	413.4	424.9	412.5	-270.1	-270.1
11:05:22	413.4	424.9	412.5	-270.1	-270.1
11:05:23	413.4	424.9	412.6	-270.1	-270.1
11:05:24	413.4	424.9	412.6	-270.1	-270.1
11:05:25	413.4	424.9	412.6	-270.1	-270.1
11:05:26	413.4	424.9	412.6	-270.1	-270.1
11:05:27	413.4	424.9	412.6	-270.1	-270.1
11:05:28	413.4	425	412.6	-270.1	-270.1
11:05:29	413.4	425	412.6	-270.1	-270.1
11:05:30	413.4	425	412.7	-270.1	-270.1
11:05:31	413.4	425	412.7	-270.1	-270.1
11:05:32	413.4	425	412.7	-270.1	-270.1
11:05:33	413.4	425	412.7	-270.1	-270.1
11:05:34	413.4	425	412.7	-270.1	-270.1
11:05:35	413.4	425	412.7	-270.1	-270.1
11:05:36	413.4	425	412.7	-270.1	-270.1
11:05:37	413.4	425	412.7	-270.1	-270.1
11:05:38	413.5	425	412.7	-270.1	-270.1
11:05:39	413.5	425	412.7	-270.1	-270.1
11:05:40	413.5	425	412.7	-270.1	-270.1
11:05:41	413.5	425	412.8	-270.1	-270.1
11:05:42	413.5	425	412.8	-270.1	-270.1
11:05:43	413.5	425	412.8	-270.1	-270.1
11:05:44	413.5	425.1	412.8	-270.1	-270.1
11:05:45	413.5	425.1	412.8	-270.1	-270.1
11:05:46	413.5	425.1	412.8	-270.1	-270.1
11:05:47	413.5	425.1	412.8	-270.1	-270.1
11:05:48	413.5	425.1	412.7	-270.1	-270.1
11:05:49	413.5	425.1	412.7	-270.1	-270.1
11:05:50	413.5	425.1	412.7	-270.1	-270.1
11:05:51	413.5	425.1	412.7	-270.1	-270.1
11:05:52	413.5	425.1	412.8	-270.1	-270.1
11:05:53	413.5	425.1	412.8	-270.1	-270.1
11:05:54	413.5	425.1	412.8	-270.1	-270.1
11:05:55	413.5	425.1	412.8	-270.1	-270.1
11:05:56	413.6	425.2	412.9	-270.1	-270.1
11:05:57	413.6	425.1	412.9	-270.1	-270.1
11:05:58	413.6	425.1	412.9	-270.1	-270.1
11:05:59	413.6	425.1	412.9	-270.1	-270.1
11:06:00	413.5	425.1	412.8	-270.1	-270.1
11:06:01	413.5	425.1	412.8	-270.1	-270.1
11:06:02	413.6	425.1	412.9	-270.1	-270.1
11:06:03	413.6	425.1	412.9	-270.1	-270.1
11:06:04	413.5	425.1	412.9	-270.1	-270.1
11:06:05	413.5	425.1	412.9	-270.1	-270.1
11:06:06	413.5	425	412.9	-270.1	-270.1
11:06:07	413.5	425	412.9	-270.1	-270.1
11:06:08	413.5	425.1	412.9	-270.1	-270.1
11:06:09	413.5	425	412.9	-270.1	-270.1
11:06:10	413.6	425.1	412.9	-270.1	-270.1
11:06:11	413.6	425.1	412.9	-270.1	-270.1
11:06:12	413.6	425.1	412.9	-270.1	-270.1
11:06:13	413.6	425.1	412.9	-270.1	-270.1
11:06:14	413.6	425.1	412.9	-270.1	-270.1
11:06:15	413.6	425.1	412.9	-270.1	-270.1
11:06:16	413.6	425.1	413	-270.1	-270.1
11:06:17	413.6	425.1	413	-270.1	-270.1
11:06:18	413.6	425.1	413	-270.1	-270.1
11:06:19	413.6	425.1	413	-270.1	-270.1
11:06:20	413.6	425.1	412.9	-270.1	-270.1
11:06:21	413.6	425	412.9	-270.1	-270.1
11:06:22	413.6	425.1	413	-270.1	-270.1
11:06:23	413.5	425.1	413	-270.1	-270.1
11:06:24	413.5	425.1	413	-270.1	-270.1
11:06:25	413.5	425	413	-270.1	-270.1
11:06:26	413.5	425	413	-270.1	-270.1
11:06:27	413.5	425	413	-270.1	-270.1
11:06:28	413.5	425	413	-270.1	-270.1
11:06:29	413.5	425	413	-270.1	-270.1
11:06:30	413.5	425	413	-270.1	-270.1
11:06:31	413.5	425	413	-270.1	-270.1
11:06:32	413.5	425	413	-270.1	-270.1
11:06:33	413.5	425.1	413	-270.1	-270.1
11:06:34	413.5	425.1	413	-270.1	-270.1
11:06:35	413.5	425	413	-270.1	-270.1
11:06:36	413.5	425.1	413.1	-270.1	-270.1
11:06:37	413.5	425.1	413.1	-270.1	-270.1
11:06:38	413.6	425.1	413.1	-270.1	-270.1
11:06:39	413.6	425.1	413.1	-270.1	-270.1
11:06:40	413.6	425.1	413.1	-270.1	-270.1
11:06:41	413.6	425.1	413.1	-270.1	-270.1
11:06:42	413.6	425.1	413.1	-270.1	-270.1
11:06:43	413.6	425.1	413	-270.1	-270.1
11:06:44	413.6	425.1	413	-270.1	-270.1
11:06:45	413.6	425.1	413	-270.1	-270.1
11:06:46	413.6	425.1	413	-270.1	-270.1
11:06:47	413.6	425.1	413.1	-270.1	-270.1
11:06:48	413.6	425.1	413	-270.1	-270.1
11:06:49	413.6	425.1	413	-270.1	-270.1
11:06:50	413.6	425.1	413	-270.1	-270.1
11:06:51	413.6	425.1	413	-270.1	-270.1
11:06:52	413.6	425.1	413	-270.1	-270.1
11:06:53	413.6	425.1	413	-270.1	-270.1
11:06:54	413.7	425.1	413	-270.1	-270.1
11:06:55	413.6	425.1	413	-270.1	-270.1
11:06:56	413.7	425.1	413	-270.1	-270.1
11:06:57	413.7	425.1	413	-270.1	-270.1
11:06:58	413.6	425.1	413	-270.1	-270.1
11:06:59	413.6	425.1	413	-270.1	-270.1
11:07:00	413.6	425.1	413	-270.1	-270.1
11:07:01	413.7	425.2	413	-270.1	-270.1
11:07:02	413.6	425.2	413	-270.1	-270.1
11:07:03	413.6	425.2	413	-270.1	-270.1
11:07:04	413.7	425.2	413	-270.1	-270.1
11:07:05	413.6	425.2	413	-270.1	-270.1
11:07:06	413.6	425.2	413	-270.1	-270.1
11:07:07	413.6	425.2	413	-270.1	-270.1
11:07:08	413.6	425.2	413	-270.1	-270.1
11:07:09	413.6	425.2	413	-270.1	-270.1
11:07:10	413.6	425.2	413	-270.1	-270.1
11:07:11	413.6	425.2	413	-270.1	-270.1
11:07:12	413.6	425.2	413	-270.1	-270.1
11:07:13	413.6	425.2	413	-270.1	-270.1
11:07:14	413.6	425.2	413	-270.1	-270.1
11:07:15	413.6	425.2	413	-270.1	-270.1
11:07:16	413.6	425.2	413	-270.1	-270.1
11:07:17	413.6	425.2	413	-270.1	-270.1
11:07:18	413.6	425.2	413	-270.1	-270.1
11:07:19	413.6	425.2	413	-270.1	-270.1
11:07:20	413.6	425.2	413.1	-270.1	-270.1
11:07:21	413.6	425.2	413.1	-270.1	-270.1
11:07:22	413.6	425.2	413.1	-270.1	-270.1
11:07:23	413.6	425.2	413.1	-270.1	-270.1
11:07:24	413.6	425.2	413.1	-270.1	-270.1
11:07:25	413.5	425.2	413.1	-270.1	-270.1
11:07:26	413.5	425.2	413.1	-270.1	-270.1
11:07:27	413.5	425.2	413.1	-270.1	-270.1
11:07:28	413.5	425.2	413.1	-270.1	-270.1
11:07:29	413.5	425.2	413.1	-270.1	-270.1
11:07:30	413.5	425.2	413.1	-270.1	-270.1
11:07:31	413.5	425.2	413.1	-270.1	-270.1
11:07:32	413.6	425.2	413.1	-270.1	-270.1
11:07:33	413.6	425.2	413.1	-270.1	-270.1
11:07:34	413.5	425.2	413.1	-270.1	-270.1
11:07:35	413.5	425.2	413.1	-270.1	-270.1
11:07:36	413.5	425.2	413.1	-270.1	-270.1
11:07:37	413.6	425.2	413.1	-270.1	-270.1
11:07:38	413.6	425.2	413.1	-270.1	-270.1
11:07:39	413.6	425.2	413.1	-270.1	-270.1
11:07:40	413.6	425.2	413.1	-270.1	-270.1
11:07:41	413.6	425.2	413.1	-270.1	-270.1
11:07:42	413.6	425.2	413.1	-270.1	-270.1
11:07:43	413.7	425.2	413.1	-270.1	-270.1
11:07:44	413.7	425.2	413.2	-270.1	-270.1
11:07:45	413.7	425.2	413.2	-270.1	-270.1
11:07:46	413.7	425.2	413.2	-270.1	-270.1
11:07:47	413.7	425.2	413.2	-270.1	-270.1
11:07:48	413.7	425.2	413.2	-270.1	-270.1
11:07:49	413.7	425.2	413.2	-270.1	-270.1
11:07:50	413.7	425.2	413.2	-270.1	-270.1
11:07:51	413.7	425.2	413.2	-270.1	-270.1
11:07:52	413.7	425.2	413.2	-270.1	-270.1
11:07:53	413.7	425.2	413.2	-270.1	-270.1
11:07:54	413.6	425.2	413.1	-270.1	-270.1
11:07:55	413.6	425.2	413.1	-270.1	-270.1
11:07:56	413.7	425.2	413.2	-270.1	-270.1
11:07:57	413.7	425.2	413.2	-270.1	-270.1
11:07:58	413.7	425.2	413.2	-270.1	-270.1
11:07:59	413.7	425.2	413.2	-270.1	-270.1
11:08:00	413.7	425.2	413.2	-270.1	-270.1
11:08:01	413.8	425.2	413.2	-270.1	-270.1
11:08:02	413.7	425.2	413.1	-270.1	-270.1
11:08:03	413.7	425.2	413.1	-270.1	-270.1
11:08:04	413.7	425.2	413.1	-270.1	-270.1
11:08:05	413.7	425.2	413.1	-270.1	-270.1
11:08:06	413.8	425.2	413.2	-270.1	-270.1
11:08:07	413.8	425.3	413.2	-270.1	-270.1
11:08:08	413.8	425.2	413.2	-270.1	-270.1
11:08:09	413.8	425.3	413.2	-270.1	-270.1
11:08:10	413.8	425.3	413.3	-270.1	-270.1
11:08:11	413.8	425.3	413.3	-270.1	-270.1
11:08:12	413.8	425.3	413.3	-270.1	-270.1
11:08:13	413.8	425.2	413.3	-270.1	-270.1
11:08:14	413.7	425.2	413.3	-270.1	-270.1
11:08:15	413.7	425.3	413.3	-270.1	-270.1
11:08:16	413.7	425.3	413.3	-270.1	-270.1
11:08:17	413.7	425.3	413.3	-270.1	-270.1
11:08:18	413.7	425.3	413.3	-270.1	-270.1
11:08:19	413.7	425.3	413.3	-270.1	-270.1
11:08:20	413.7	425.3	413.3	-270.1	-270.1
11:08:21	413.7	425.3	413.3	-270.1	-270.1
11:08:22	413.7	425.3	413.3	-270.1	-270.1
11:08:23	413.7	425.3	413.3	-270.1	-270.1
11:08:24	413.7	425.3	413.3	-270.1	-270.1
11:08:25	413.7	425.3	413.3	-270.1	-270.1
11:08:26	413.7	425.3	413.3	-270.1	-270.1
11:08:27	413.7	425.3	413.3	-270.1	-270.1
11:08:28	413.7	425.3	413.3	-270.1	-270.1
11:08:29	413.7	425.3	413.3	-270.1	-270.1
11:08:30	413.7	425.3	413.3	-270.1	-270.1
11:08:31	413.6	425.3	413.3	-270.1	-270.1
11:08:32	413.6	425.3	413.3	-270.1	-270.1
11:08:33	413.6	425.3	413.3	-270.1	-270.1
11:08:34	413.6	425.3	413.3	-270.1	-270.1
11:08:35	413.6	425.3	413.4	-270.1	-270.1
11:08:36	413.6	425.3	413.4	-270.1	-270.1
11:08:37	413.6	425.3	413.3	-270.1	-270.1
11:08:38	413.6	425.3	413.3	-270.1	-270.1
11:08:39	413.6	425.3	413.4	-270.1	-270.1
11:08:40	413.6	425.3	413.3	-270.1	-270.1
11:08:41	413.6	425.3	413.3	-270.1	-270.1
11:08:42	413.6	425.3	413.3	-270.1	-270.1
11:08:43	413.6	425.3	413.3	-270.1	-270.1
11:08:44	413.6	425.3	413.3	-270.1	-270.1
11:08:45	413.6	425.3	413.3	-270.1	-270.1
11:08:46	413.6	425.3	413.4	-270.1	-270.1
11:08:47	413.6	425.3	413.4	-270.1	-270.1
11:08:48	413.6	425.3	413.4	-270.1	-270.1
11:08:49	413.6	425.3	413.4	-270.1	-270.1
11:08:50	413.6	425.3	413.4	-270.1	-270.1
11:08:51	413.6	425.3	413.3	-270.1	-270.1
11:08:52	413.6	425.3	413.3	-270.1	-270.1
11:08:53	413.6	425.3	413.4	-270.1	-270.1
11:08:54	413.6	425.3	413.4	-270.1	-270.1
11:08:55	413.6	425.3	413.4	-270.1	-270.1
11:08:56	413.6	425.3	413.4	-270.1	-270.1
11:08:57	413.6	425.3	413.4	-270.1	-270.1
11:08:58	413.6	425.3	413.4	-270.1	-270.1
11:08:59	413.6	425.3	413.4	-270.1	-270.1
11:09:00	413.6	425.3	413.5	-270.1	-270.1
统计于2017年08月11日11时09分04秒					
