温度历史数据					
时间	温度0	温度1	温度2	温度3	温度4
14:55:38	26.4	26.1	26.6	-270.1	-270.1
14:55:39	26.4	26.1	26.6	-270.1	-270.1
14:55:40	26.4	26.1	26.6	-270.1	-270.1
14:55:41	26.4	26.1	26.6	-270.1	-270.1
14:55:43	26.4	26.1	26.6	-270.1	-270.1
14:55:45	26.4	26.1	26.6	-270.1	-270.1
14:55:46	26.4	26.1	26.6	-270.1	-270.1
14:55:47	26.5	26.1	26.7	-270.1	-270.1
14:55:48	26.5	26.1	26.7	-270.1	-270.1
14:55:49	26.5	26.1	26.7	-270.1	-270.1
14:55:50	26.5	26.1	26.7	-270.1	-270.1
14:55:51	26.5	26.1	26.7	-270.1	-270.1
14:55:52	26.6	26.1	26.6	-270.1	-270.1
14:55:53	26.6	26.1	26.6	-270.1	-270.1
14:55:54	26.6	26.1	26.6	-270.1	-270.1
14:55:55	26.6	26.1	26.6	-270.1	-270.1
14:55:56	26.7	26.1	26.6	-270.1	-270.1
14:55:57	26.7	26.1	26.6	-270.1	-270.1
14:55:58	26.7	26.1	26.6	-270.1	-270.1
14:55:59	26.8	26.1	26.6	-270.1	-270.1
14:56:00	26.8	26.1	26.6	-270.1	-270.1
14:56:01	26.8	26.1	26.6	-270.1	-270.1
14:56:03	26.9	26.1	26.6	-270.1	-270.1
14:56:05	27	26.1	26.6	-270.1	-270.1
14:56:07	27.1	26.1	26.6	-270.1	-270.1
14:56:08	27.2	26.1	26.6	-270.1	-270.1
14:56:09	27.2	26.1	26.6	-270.1	-270.1
14:56:10	27.3	26.1	26.6	-270.1	-270.1
14:56:11	27.4	26.1	26.6	-270.1	-270.1
14:56:12	27.5	26.1	26.6	-270.1	-270.1
14:56:13	27.5	26.1	26.6	-270.1	-270.1
14:56:14	27.6	26.1	26.6	-270.1	-270.1
14:56:15	27.7	26.1	26.6	-270.1	-270.1
14:56:16	27.8	26.1	26.6	-270.1	-270.1
14:56:17	27.9	26.1	26.6	-270.1	-270.1
14:56:18	27.9	26.1	26.6	-270.1	-270.1
14:56:19	28	26.1	26.6	-270.1	-270.1
14:56:20	28.1	26.1	26.6	-270.1	-270.1
14:56:21	28.2	26.1	26.6	-270.1	-270.1
14:56:22	28.3	26.1	26.6	-270.1	-270.1
14:56:23	28.4	26.1	26.6	-270.1	-270.1
14:56:24	28.5	26.1	26.6	-270.1	-270.1
14:56:25	28.7	26.1	26.6	-270.1	-270.1
14:56:26	28.8	26.1	26.6	-270.1	-270.1
14:56:27	28.9	26.1	26.6	-270.1	-270.1
14:56:28	29.1	26.1	26.5	-270.1	-270.1
14:56:29	29.2	26.1	26.6	-270.1	-270.1
14:56:30	29.3	26.1	26.5	-270.1	-270.1
14:56:31	29.5	26.1	26.5	-270.1	-270.1
14:56:32	29.6	26.1	26.5	-270.1	-270.1
14:56:33	29.8	26.1	26.5	-270.1	-270.1
14:56:34	29.9	26.1	26.5	-270.1	-270.1
14:56:35	30.1	26.1	26.5	-270.1	-270.1
14:56:36	30.2	26.1	26.5	-270.1	-270.1
14:56:37	30.4	26.1	26.6	-270.1	-270.1
14:56:38	30.6	26.1	26.6	-270.1	-270.1
14:56:39	30.8	26.1	26.6	-270.1	-270.1
14:56:40	30.9	26.1	26.6	-270.1	-270.1
14:56:41	31.1	26.1	26.6	-270.1	-270.1
14:56:42	31.3	26.1	26.6	-270.1	-270.1
14:56:43	31.4	26.1	26.6	-270.1	-270.1
14:56:44	31.6	26.1	26.6	-270.1	-270.1
14:56:45	31.8	26.1	26.6	-270.1	-270.1
14:56:46	31.9	26.1	26.6	-270.1	-270.1
14:56:47	32.1	26.1	26.6	-270.1	-270.1
14:56:48	32.3	26.1	26.6	-270.1	-270.1
14:56:49	32.5	26.1	26.6	-270.1	-270.1
14:56:50	32.7	26.1	26.6	-270.1	-270.1
14:56:51	32.8	26.1	26.6	-270.1	-270.1
14:56:52	33	26.1	26.6	-270.1	-270.1
14:56:53	33.2	26.1	26.6	-270.1	-270.1
14:56:54	33.4	26.1	26.6	-270.1	-270.1
14:56:55	33.6	26.1	26.6	-270.1	-270.1
14:56:56	33.8	26.1	26.6	-270.1	-270.1
14:56:57	34	26.2	26.6	-270.1	-270.1
14:56:58	34.2	26.2	26.6	-270.1	-270.1
14:56:59	34.3	26.1	26.6	-270.1	-270.1
14:57:00	34.5	26.1	26.6	-270.1	-270.1
14:57:01	34.8	26.2	26.6	-270.1	-270.1
14:57:02	34.9	26.2	26.6	-270.1	-270.1
14:57:03	35.1	26.1	26.6	-270.1	-270.1
14:57:04	35.3	26.1	26.6	-270.1	-270.1
14:57:05	35.4	26.1	26.6	-270.1	-270.1
14:57:06	35.6	26.1	26.6	-270.1	-270.1
14:57:07	35.9	26.1	26.6	-270.1	-270.1
14:57:08	36.1	26.1	26.6	-270.1	-270.1
14:57:09	36.3	26.1	26.6	-270.1	-270.1
14:57:10	36.4	26.1	26.6	-270.1	-270.1
14:57:11	36.6	26.1	26.6	-270.1	-270.1
14:57:12	36.8	26.1	26.6	-270.1	-270.1
14:57:13	37	26.1	26.6	-270.1	-270.1
14:57:14	37.2	26.1	26.6	-270.1	-270.1
14:57:15	37.4	26.1	26.6	-270.1	-270.1
14:57:16	37.6	26.1	26.6	-270.1	-270.1
14:57:17	37.8	26.1	26.6	-270.1	-270.1
14:57:18	37.9	26.1	26.6	-270.1	-270.1
14:57:19	38.1	26.1	26.6	-270.1	-270.1
14:57:20	38.3	26.1	26.6	-270.1	-270.1
14:57:21	38.5	26.1	26.6	-270.1	-270.1
14:57:22	38.7	26.1	26.6	-270.1	-270.1
14:57:23	38.9	26.1	26.6	-270.1	-270.1
14:57:24	39	26.1	26.6	-270.1	-270.1
14:57:25	39.3	26.1	26.6	-270.1	-270.1
14:57:26	39.3	26.1	26.6	-270.1	-270.1
14:57:27	39.4	26.1	26.6	-270.1	-270.1
14:57:28	39.6	26.1	26.6	-270.1	-270.1
14:57:29	39.8	26.1	26.6	-270.1	-270.1
14:57:30	40	26.1	26.6	-270.1	-270.1
14:57:31	40.2	26.1	26.6	-270.1	-270.1
14:57:32	40.4	26.1	26.6	-270.1	-270.1
14:57:33	40.6	26.1	26.6	-270.1	-270.1
14:57:34	40.7	26.1	26.6	-270.1	-270.1
14:57:35	40.9	26.1	26.6	-270.1	-270.1
14:57:36	41.2	26.1	26.7	-270.1	-270.1
14:57:37	41.4	26.2	26.7	-270.1	-270.1
14:57:38	41.5	26.1	26.6	-270.1	-270.1
14:57:39	41.7	26.1	26.6	-270.1	-270.1
14:57:40	41.9	26.1	26.7	-270.1	-270.1
14:57:41	42.1	26.1	26.7	-270.1	-270.1
14:57:42	42.3	26.1	26.6	-270.1	-270.1
14:57:43	42.4	26.1	26.6	-270.1	-270.1
14:57:44	42.6	26.1	26.6	-270.1	-270.1
14:57:45	42.8	26.1	26.6	-270.1	-270.1
14:57:46	43	26.1	26.6	-270.1	-270.1
14:57:47	43.2	26.1	26.6	-270.1	-270.1
14:57:48	43.5	26.1	26.7	-270.1	-270.1
14:57:49	43.7	26.1	26.7	-270.1	-270.1
14:57:50	43.9	26.1	26.7	-270.1	-270.1
14:57:51	44.1	26.1	26.7	-270.1	-270.1
14:57:52	44.3	26.1	26.7	-270.1	-270.1
14:57:53	44.5	26.1	26.7	-270.1	-270.1
14:57:54	44.7	26.1	26.7	-270.1	-270.1
14:57:55	44.9	26.1	26.7	-270.1	-270.1
14:57:56	45.1	26.1	26.7	-270.1	-270.1
14:57:57	45.3	26.1	26.7	-270.1	-270.1
14:57:58	45.5	26.1	26.7	-270.1	-270.1
14:57:59	45.7	26.1	26.7	-270.1	-270.1
14:58:00	45.9	26.1	26.7	-270.1	-270.1
14:58:01	46.1	26.1	26.7	-270.1	-270.1
14:58:02	46.3	26.1	26.7	-270.1	-270.1
14:58:03	46.5	26.1	26.7	-270.1	-270.1
14:58:04	46.8	26.1	26.7	-270.1	-270.1
14:58:05	47	26.2	26.7	-270.1	-270.1
14:58:06	47.2	26.1	26.7	-270.1	-270.1
14:58:07	47.4	26.2	26.7	-270.1	-270.1
14:58:08	47.6	26.1	26.7	-270.1	-270.1
14:58:09	47.8	26.1	26.7	-270.1	-270.1
14:58:10	48	26.1	26.7	-270.1	-270.1
14:58:11	48.3	26.1	26.7	-270.1	-270.1
14:58:12	48.5	26.2	26.7	-270.1	-270.1
14:58:13	48.7	26.2	26.7	-270.1	-270.1
14:58:14	48.9	26.1	26.8	-270.1	-270.1
14:58:15	49.1	26.2	26.8	-270.1	-270.1
14:58:16	49.3	26.1	26.8	-270.1	-270.1
14:58:17	49.6	26.1	26.8	-270.1	-270.1
14:58:18	49.8	26.1	26.8	-270.1	-270.1
14:58:19	50.1	26.2	26.8	-270.1	-270.1
14:58:20	50.3	26.2	26.8	-270.1	-270.1
14:58:21	50.4	26.2	26.8	-270.1	-270.1
14:58:22	50.7	26.1	26.8	-270.1	-270.1
14:58:23	50.9	26.1	26.8	-270.1	-270.1
14:58:24	51.1	26.1	26.8	-270.1	-270.1
14:58:25	51.3	26.1	26.8	-270.1	-270.1
14:58:26	51.5	26.2	26.8	-270.1	-270.1
14:58:27	51.7	26.1	26.8	-270.1	-270.1
14:58:28	52	26.1	26.8	-270.1	-270.1
14:58:29	52.2	26.1	26.8	-270.1	-270.1
14:58:30	52.4	26.2	26.9	-270.1	-270.1
14:58:31	52.7	26.2	26.9	-270.1	-270.1
14:58:32	52.9	26.2	26.9	-270.1	-270.1
14:58:33	53.1	26.2	26.9	-270.1	-270.1
14:58:34	53.1	26.2	26.9	-270.1	-270.1
14:58:35	53.3	26.2	26.9	-270.1	-270.1
14:58:36	53.4	26.1	26.8	-270.1	-270.1
14:58:37	53.6	26.1	26.9	-270.1	-270.1
14:58:38	53.9	26.2	26.9	-270.1	-270.1
14:58:39	54.1	26.2	26.9	-270.1	-270.1
14:58:40	54.3	26.1	26.9	-270.1	-270.1
14:58:41	54.5	26.1	26.9	-270.1	-270.1
14:58:42	54.7	26.2	26.9	-270.1	-270.1
14:58:43	54.9	26.2	26.9	-270.1	-270.1
14:58:44	55.1	26.1	26.9	-270.1	-270.1
14:58:45	55.3	26.1	26.9	-270.1	-270.1
14:58:46	55.6	26.2	27	-270.1	-270.1
14:58:47	55.8	26.2	27	-270.1	-270.1
14:58:48	56	26.2	27	-270.1	-270.1
14:58:49	56.1	26.2	27	-270.1	-270.1
14:58:50	56.4	26.2	27	-270.1	-270.1
14:58:51	56.6	26.2	27	-270.1	-270.1
14:58:52	56.7	26.2	27	-270.1	-270.1
14:58:53	56.9	26.2	27	-270.1	-270.1
14:58:54	57.1	26.1	26.9	-270.1	-270.1
14:58:55	57.3	26.1	27	-270.1	-270.1
14:58:56	57.5	26.2	27	-270.1	-270.1
14:58:57	57.7	26.2	27	-270.1	-270.1
14:58:58	57.9	26.2	27	-270.1	-270.1
14:58:59	58.1	26.2	27.1	-270.1	-270.1
14:59:00	58.3	26.2	27	-270.1	-270.1
14:59:01	58.5	26.2	27.1	-270.1	-270.1
14:59:02	58.7	26.2	27.1	-270.1	-270.1
14:59:04	58.9	26.2	27.1	-270.1	-270.1
14:59:04	59.1	26.2	27.1	-270.1	-270.1
14:59:05	59.2	26.2	27.1	-270.1	-270.1
14:59:06	59.4	26.2	27.1	-270.1	-270.1
14:59:07	59.6	26.2	27.1	-270.1	-270.1
14:59:08	59.8	26.2	27.1	-270.1	-270.1
14:59:09	60	26.2	27.1	-270.1	-270.1
14:59:10	60.2	26.2	27.1	-270.1	-270.1
14:59:11	60.4	26.2	27.1	-270.1	-270.1
14:59:12	60.6	26.2	27.1	-270.1	-270.1
14:59:13	60.8	26.2	27.1	-270.1	-270.1
14:59:14	60.9	26.2	27.2	-270.1	-270.1
14:59:15	61.1	26.2	27.2	-270.1	-270.1
14:59:16	61.3	26.3	27.2	-270.1	-270.1
14:59:17	61.5	26.3	27.2	-270.1	-270.1
14:59:18	61.7	26.3	27.2	-270.1	-270.1
14:59:19	62	26.3	27.2	-270.1	-270.1
14:59:20	62.2	26.3	27.3	-270.1	-270.1
14:59:21	62.3	26.3	27.3	-270.1	-270.1
14:59:22	62.5	26.3	27.2	-270.1	-270.1
14:59:23	62.8	26.3	27.2	-270.1	-270.1
14:59:24	63	26.3	27.3	-270.1	-270.1
14:59:25	63.2	26.4	27.3	-270.1	-270.1
14:59:26	63.4	26.4	27.3	-270.1	-270.1
14:59:27	63.6	26.4	27.4	-270.1	-270.1
14:59:28	63.8	26.4	27.4	-270.1	-270.1
14:59:29	64	26.4	27.4	-270.1	-270.1
14:59:30	64.2	26.4	27.4	-270.1	-270.1
14:59:31	64.4	26.4	27.4	-270.1	-270.1
14:59:32	64.6	26.4	27.4	-270.1	-270.1
14:59:33	64.8	26.4	27.4	-270.1	-270.1
14:59:34	65	26.4	27.4	-270.1	-270.1
14:59:35	65.2	26.4	27.5	-270.1	-270.1
14:59:36	65.4	26.4	27.5	-270.1	-270.1
14:59:37	65.6	26.4	27.5	-270.1	-270.1
14:59:38	65.8	26.4	27.5	-270.1	-270.1
14:59:39	66	26.4	27.5	-270.1	-270.1
14:59:40	66.3	26.4	27.5	-270.1	-270.1
14:59:41	66.5	26.4	27.5	-270.1	-270.1
14:59:42	66.5	26.4	27.5	-270.1	-270.1
14:59:43	66.7	26.4	27.6	-270.1	-270.1
14:59:44	67	26.5	27.6	-270.1	-270.1
14:59:45	67.2	26.5	27.6	-270.1	-270.1
14:59:46	67.3	26.4	27.6	-270.1	-270.1
14:59:47	67.5	26.4	27.6	-270.1	-270.1
14:59:48	67.8	26.5	27.7	-270.1	-270.1
14:59:49	68	26.5	27.7	-270.1	-270.1
14:59:50	68.2	26.5	27.7	-270.1	-270.1
14:59:51	68.4	26.5	27.7	-270.1	-270.1
14:59:52	68.6	26.5	27.7	-270.1	-270.1
14:59:53	68.9	26.5	27.7	-270.1	-270.1
14:59:54	69.1	26.5	27.8	-270.1	-270.1
14:59:55	69.3	26.5	27.8	-270.1	-270.1
14:59:56	69.5	26.5	27.8	-270.1	-270.1
14:59:57	69.7	26.5	27.8	-270.1	-270.1
14:59:58	69.9	26.5	27.8	-270.1	-270.1
14:59:59	70.1	26.5	27.8	-270.1	-270.1
15:00:01	70.3	26.5	27.8	-270.1	-270.1
15:00:01	70.5	26.5	27.8	-270.1	-270.1
15:00:02	70.7	26.6	27.9	-270.1	-270.1
15:00:03	71	26.6	27.9	-270.1	-270.1
15:00:04	71.2	26.6	27.9	-270.1	-270.1
15:00:05	71.4	26.6	27.9	-270.1	-270.1
15:00:06	71.6	26.6	27.9	-270.1	-270.1
15:00:07	71.8	26.6	27.9	-270.1	-270.1
15:00:08	72	26.6	27.9	-270.1	-270.1
15:00:09	72.2	26.6	27.9	-270.1	-270.1
15:00:10	72.4	26.6	28	-270.1	-270.1
15:00:11	72.6	26.6	28	-270.1	-270.1
15:00:12	72.8	26.6	28	-270.1	-270.1
15:00:13	73	26.6	28	-270.1	-270.1
15:00:14	73.2	26.6	28	-270.1	-270.1
15:00:15	73.4	26.6	28	-270.1	-270.1
15:00:16	73.6	26.7	28.1	-270.1	-270.1
15:00:17	73.8	26.7	28.1	-270.1	-270.1
15:00:18	73.9	26.6	28.1	-270.1	-270.1
15:00:19	74.1	26.7	28.1	-270.1	-270.1
15:00:20	74.3	26.7	28.1	-270.1	-270.1
15:00:21	74.5	26.7	28.1	-270.1	-270.1
15:00:22	74.7	26.7	28.1	-270.1	-270.1
15:00:23	74.9	26.7	28.2	-270.1	-270.1
15:00:24	75.1	26.7	28.2	-270.1	-270.1
15:00:25	75.3	26.7	28.2	-270.1	-270.1
15:00:26	75.4	26.7	28.2	-270.1	-270.1
15:00:27	75.6	26.7	28.2	-270.1	-270.1
15:00:28	75.8	26.7	28.2	-270.1	-270.1
15:00:29	76	26.7	28.3	-270.1	-270.1
15:00:30	76.2	26.7	28.3	-270.1	-270.1
15:00:31	76.4	26.8	28.3	-270.1	-270.1
15:00:32	76.6	26.8	28.4	-270.1	-270.1
15:00:33	76.8	26.8	28.4	-270.1	-270.1
15:00:34	77	26.8	28.4	-270.1	-270.1
15:00:35	77.2	26.9	28.4	-270.1	-270.1
15:00:36	77.4	26.9	28.4	-270.1	-270.1
15:00:37	77.6	26.9	28.5	-270.1	-270.1
15:00:38	77.8	26.9	28.5	-270.1	-270.1
15:00:39	77.9	26.9	28.5	-270.1	-270.1
15:00:40	78.1	26.9	28.5	-270.1	-270.1
15:00:41	78.3	26.9	28.5	-270.1	-270.1
15:00:42	78.5	26.9	28.6	-270.1	-270.1
15:00:43	78.7	26.9	28.6	-270.1	-270.1
15:00:44	78.9	26.9	28.6	-270.1	-270.1
15:00:45	79.1	26.9	28.6	-270.1	-270.1
15:00:46	79.3	27	28.6	-270.1	-270.1
15:00:47	79.5	27	28.7	-270.1	-270.1
15:00:48	79.7	27	28.7	-270.1	-270.1
15:00:49	79.7	27	28.7	-270.1	-270.1
15:00:50	79.9	27	28.7	-270.1	-270.1
15:00:51	80.1	27	28.7	-270.1	-270.1
15:00:52	80.3	27	28.8	-270.1	-270.1
15:00:53	80.5	27	28.8	-270.1	-270.1
15:00:54	80.7	27	28.8	-270.1	-270.1
15:00:55	80.9	27.1	28.8	-270.1	-270.1
15:00:56	81.1	27.1	28.9	-270.1	-270.1
15:00:57	81.3	27.1	28.9	-270.1	-270.1
15:00:58	81.5	27.1	28.9	-270.1	-270.1
15:00:59	81.7	27.1	28.9	-270.1	-270.1
15:01:00	81.9	27.1	28.9	-270.1	-270.1
15:01:01	82.1	27.1	29	-270.1	-270.1
15:01:02	82.3	27.1	29	-270.1	-270.1
15:01:03	82.5	27.2	29	-270.1	-270.1
15:01:04	82.7	27.2	29.1	-270.1	-270.1
15:01:05	82.9	27.2	29.1	-270.1	-270.1
15:01:06	83.1	27.2	29.1	-270.1	-270.1
15:01:07	83.3	27.2	29.1	-270.1	-270.1
15:01:08	83.5	27.2	29.1	-270.1	-270.1
15:01:09	83.7	27.2	29.2	-270.1	-270.1
15:01:10	84	27.3	29.3	-270.1	-270.1
15:01:11	84.2	27.3	29.3	-270.1	-270.1
15:01:12	84.4	27.3	29.2	-270.1	-270.1
15:01:13	84.6	27.3	29.3	-270.1	-270.1
15:01:14	84.8	27.3	29.4	-270.1	-270.1
15:01:15	85.1	27.4	29.4	-270.1	-270.1
15:01:16	85.3	27.4	29.4	-270.1	-270.1
15:01:17	85.5	27.4	29.4	-270.1	-270.1
15:01:18	85.7	27.4	29.5	-270.1	-270.1
15:01:19	85.9	27.4	29.5	-270.1	-270.1
15:01:20	86.1	27.4	29.5	-270.1	-270.1
15:01:21	86.3	27.4	29.5	-270.1	-270.1
15:01:22	86.5	27.4	29.6	-270.1	-270.1
15:01:23	86.7	27.5	29.6	-270.1	-270.1
15:01:24	86.9	27.5	29.6	-270.1	-270.1
15:01:25	87.1	27.5	29.6	-270.1	-270.1
15:01:26	87.3	27.5	29.7	-270.1	-270.1
15:01:27	87.5	27.5	29.7	-270.1	-270.1
15:01:28	87.7	27.5	29.7	-270.1	-270.1
15:01:29	87.9	27.5	29.7	-270.1	-270.1
15:01:30	88.1	27.6	29.7	-270.1	-270.1
15:01:31	88.3	27.6	29.8	-270.1	-270.1
15:01:32	88.5	27.6	29.8	-270.1	-270.1
15:01:33	88.7	27.6	29.8	-270.1	-270.1
15:01:34	88.9	27.6	29.9	-270.1	-270.1
15:01:35	89.1	27.6	29.9	-270.1	-270.1
15:01:36	89.3	27.6	29.9	-270.1	-270.1
15:01:37	89.5	27.7	29.9	-270.1	-270.1
15:01:38	89.7	27.7	30	-270.1	-270.1
15:01:39	89.9	27.7	30	-270.1	-270.1
15:01:40	90.1	27.7	30	-270.1	-270.1
15:01:41	90.3	27.7	30	-270.1	-270.1
15:01:42	90.5	27.7	30.1	-270.1	-270.1
15:01:43	90.7	27.7	30.1	-270.1	-270.1
15:01:44	90.8	27.7	30.1	-270.1	-270.1
15:01:45	91	27.8	30.1	-270.1	-270.1
0:00:00					
