温度历史数据					
时间	温度0	温度1	温度2	温度3	温度4
16:02:15	413.9	423.6	72.3	-270.1	-270.1
16:02:16	413.9	423.6	72.3	-270.1	-270.1
16:02:17	413.9	423.6	72.4	-270.1	-270.1
16:02:18	413.9	423.6	72.4	-270.1	-270.1
16:02:19	413.9	423.6	72.3	-270.1	-270.1
16:02:20	413.9	423.6	72.3	-270.1	-270.1
16:02:21	413.9	423.6	72.3	-270.1	-270.1
16:02:22	413.9	423.6	72.3	-270.1	-270.1
16:02:23	413.9	423.6	72.3	-270.1	-270.1
16:02:24	413.9	423.6	72.2	-270.1	-270.1
16:02:25	413.9	423.7	72.3	-270.1	-270.1
16:02:26	413.9	423.7	72.3	-270.1	-270.1
16:02:27	413.9	423.7	72.3	-270.1	-270.1
16:02:28	413.9	423.7	72.3	-270.1	-270.1
16:02:29	413.9	423.6	72.2	-270.1	-270.1
16:02:30	413.9	423.6	72.1	-270.1	-270.1
16:02:31	413.9	423.6	72	-270.1	-270.1
16:02:32	413.9	423.6	72	-270.1	-270.1
16:02:33	413.9	423.6	72	-270.1	-270.1
16:02:34	413.9	423.6	72	-270.1	-270.1
16:02:35	413.9	423.6	71.9	-270.1	-270.1
16:02:36	413.9	423.6	71.9	-270.1	-270.1
16:02:37	413.9	423.6	71.9	-270.1	-270.1
16:02:38	413.9	423.6	71.8	-270.1	-270.1
16:02:39	413.9	423.6	71.8	-270.1	-270.1
16:02:40	413.9	423.6	71.6	-270.1	-270.1
16:02:41	413.9	423.5	71.3	-270.1	-270.1
16:02:42	413.9	423.5	70.8	-270.1	-270.1
16:02:43	414	423.6	70.4	-270.1	-270.1
16:02:44	414	423.6	70	-270.1	-270.1
16:02:45	414	423.6	69.4	-270.1	-270.1
16:02:46	414	423.6	69	-270.1	-270.1
16:02:47	413.9	423.6	68.5	-270.1	-270.1
16:02:48	413.9	423.5	68	-270.1	-270.1
16:02:49	413.9	423.5	67.5	-270.1	-270.1
16:02:50	413.9	423.5	67.2	-270.1	-270.1
16:02:51	413.9	423.5	67.1	-270.1	-270.1
16:02:52	413.9	423.5	67	-270.1	-270.1
16:02:53	413.9	423.5	66.9	-270.1	-270.1
16:02:54	413.9	423.5	66.8	-270.1	-270.1
16:02:55	413.9	423.5	66.6	-270.1	-270.1
16:02:56	413.9	423.5	66.6	-270.1	-270.1
16:02:57	413.9	423.5	66.3	-270.1	-270.1
16:02:58	413.9	423.5	65.8	-270.1	-270.1
16:02:59	413.9	423.5	65.4	-270.1	-270.1
16:03:00	413.9	423.5	65.1	-270.1	-270.1
16:03:01	413.9	423.5	64.9	-270.1	-270.1
16:03:02	413.9	423.4	64.7	-270.1	-270.1
16:03:03	413.9	423.4	64.5	-270.1	-270.1
16:03:04	413.9	423.5	64.3	-270.1	-270.1
16:03:05	413.9	423.5	64.1	-270.1	-270.1
16:03:06	413.9	423.5	64.1	-270.1	-270.1
16:03:07	413.9	423.5	64.1	-270.1	-270.1
16:03:08	413.9	423.5	64.1	-270.1	-270.1
16:03:09	413.9	423.5	64.1	-270.1	-270.1
16:03:10	413.9	423.5	64.1	-270.1	-270.1
16:03:11	413.9	423.5	64	-270.1	-270.1
16:03:12	413.9	423.5	64	-270.1	-270.1
16:03:13	413.9	423.5	64	-270.1	-270.1
16:03:14	413.9	423.5	63.9	-270.1	-270.1
16:03:15	413.9	423.5	63.9	-270.1	-270.1
16:03:16	413.9	423.5	63.9	-270.1	-270.1
16:03:17	413.9	423.5	63.9	-270.1	-270.1
16:03:18	413.9	423.5	64	-270.1	-270.1
16:03:19	413.9	423.5	64.1	-270.1	-270.1
16:03:20	413.9	423.5	64.3	-270.1	-270.1
16:03:21	413.9	423.5	64.4	-270.1	-270.1
16:03:22	413.9	423.5	64.5	-270.1	-270.1
16:03:23	413.9	423.5	64.7	-270.1	-270.1
16:03:24	413.9	423.5	65	-270.1	-270.1
16:03:25	413.9	423.5	65.4	-270.1	-270.1
16:03:26	413.9	423.5	65.8	-270.1	-270.1
16:03:27	413.9	423.5	66.2	-270.1	-270.1
16:03:28	413.9	423.5	66.5	-270.1	-270.1
16:03:29	413.9	423.5	67.1	-270.1	-270.1
16:03:30	413.9	423.6	67.7	-270.1	-270.1
16:03:31	413.9	423.6	68.5	-270.1	-270.1
16:03:32	413.9	423.6	69.4	-270.1	-270.1
16:03:33	413.9	423.6	70.5	-270.1	-270.1
16:03:34	413.9	423.6	71.7	-270.1	-270.1
16:03:35	413.9	423.6	73.5	-270.1	-270.1
16:03:36	413.9	423.6	75.7	-270.1	-270.1
16:03:37	413.9	423.6	78.3	-270.1	-270.1
16:03:38	413.9	423.6	81.4	-270.1	-270.1
16:03:39	413.9	423.6	85	-270.1	-270.1
16:03:40	413.9	423.6	88.9	-270.1	-270.1
16:03:41	413.9	423.6	93.2	-270.1	-270.1
16:03:42	413.9	423.7	97.8	-270.1	-270.1
16:03:43	413.9	423.7	102.6	-270.1	-270.1
16:03:44	413.9	423.7	107.6	-270.1	-270.1
16:03:45	413.8	423.7	107.6	-270.1	-270.1
16:03:46	413.8	423.7	112.8	-270.1	-270.1
16:03:47	413.8	423.7	118.1	-270.1	-270.1
16:03:48	413.8	423.7	123.4	-270.1	-270.1
16:03:49	413.8	423.7	128.7	-270.1	-270.1
16:03:50	413.7	423.7	134.1	-270.1	-270.1
16:03:51	413.7	423.7	139.4	-270.1	-270.1
16:03:52	413.7	423.7	144.6	-270.1	-270.1
16:03:53	413.6	423.7	149.6	-270.1	-270.1
16:03:54	413.6	423.7	154.5	-270.1	-270.1
16:03:55	413.6	423.7	159.2	-270.1	-270.1
16:03:56	413.6	423.7	163.8	-270.1	-270.1
16:03:57	413.6	423.7	168.2	-270.1	-270.1
16:03:58	413.5	423.7	172.6	-270.1	-270.1
16:03:59	413.5	423.7	176.8	-270.1	-270.1
16:04:00	413.5	423.7	180.9	-270.1	-270.1
16:04:01	413.5	423.7	185	-270.1	-270.1
16:04:02	413.5	423.7	189	-270.1	-270.1
16:04:03	413.4	423.7	192.9	-270.1	-270.1
16:04:04	413.4	423.6	196.8	-270.1	-270.1
16:04:05	413.4	423.6	200.6	-270.1	-270.1
16:04:06	413.4	423.6	204.3	-270.1	-270.1
16:04:07	413.4	423.6	208	-270.1	-270.1
16:04:08	413.3	423.6	211.6	-270.1	-270.1
16:04:09	413.3	423.6	215.2	-270.1	-270.1
16:04:10	413.2	423.5	218.7	-270.1	-270.1
16:04:11	413.3	423.5	222.1	-270.1	-270.1
16:04:12	413.3	423.6	225.6	-270.1	-270.1
16:04:13	413.3	423.5	228.9	-270.1	-270.1
16:04:14	413.2	423.5	232.2	-270.1	-270.1
16:04:15	413.2	423.5	235.4	-270.1	-270.1
16:04:16	413.2	423.5	238.6	-270.1	-270.1
16:04:17	413.2	423.5	241.7	-270.1	-270.1
16:04:18	413.1	423.4	244.7	-270.1	-270.1
16:04:19	413.1	423.4	247.7	-270.1	-270.1
16:04:20	413.1	423.4	250.7	-270.1	-270.1
16:04:21	413.1	423.4	253.6	-270.1	-270.1
16:04:22	413.1	423.4	256.5	-270.1	-270.1
16:04:23	413.1	423.4	259.2	-270.1	-270.1
16:04:24	413	423.4	262	-270.1	-270.1
16:04:25	413	423.4	264.7	-270.1	-270.1
16:04:26	413	423.3	267.3	-270.1	-270.1
16:04:27	413	423.3	269.9	-270.1	-270.1
16:04:28	413	423.3	272.5	-270.1	-270.1
16:04:29	413	423.3	275	-270.1	-270.1
16:04:30	412.9	423.3	277.5	-270.1	-270.1
16:04:31	412.9	423.3	279.9	-270.1	-270.1
16:04:32	412.9	423.2	282.3	-270.1	-270.1
16:04:33	412.9	423.2	284.6	-270.1	-270.1
16:04:34	412.9	423.2	286.9	-270.1	-270.1
16:04:35	412.9	423.2	289.2	-270.1	-270.1
16:04:36	412.9	423.2	291.4	-270.1	-270.1
16:04:37	412.8	423.2	293.5	-270.1	-270.1
16:04:38	412.8	423.2	295.6	-270.1	-270.1
16:04:39	412.8	423.2	297.7	-270.1	-270.1
16:04:40	412.8	423.2	299.7	-270.1	-270.1
16:04:41	412.8	423.2	301.7	-270.1	-270.1
16:04:42	412.8	423.1	303.7	-270.1	-270.1
16:04:43	412.8	423.1	305.6	-270.1	-270.1
16:04:44	412.7	423.1	307.5	-270.1	-270.1
16:04:45	412.7	423.1	309.4	-270.1	-270.1
16:04:46	412.7	423.1	311.2	-270.1	-270.1
16:04:47	412.7	423.1	313.1	-270.1	-270.1
16:04:48	412.7	423.1	314.8	-270.1	-270.1
16:04:49	412.7	423.1	316.6	-270.1	-270.1
16:04:50	412.7	423.1	318.3	-270.1	-270.1
16:04:51	412.7	423.1	319.9	-270.1	-270.1
16:04:52	412.7	423.1	319.9	-270.1	-270.1
16:04:53	412.7	423.1	321.6	-270.1	-270.1
16:04:54	412.7	423.1	323.2	-270.1	-270.1
16:04:55	412.7	423.1	324.8	-270.1	-270.1
16:04:56	412.7	423.1	326.3	-270.1	-270.1
16:04:57	412.6	423.1	327.8	-270.1	-270.1
16:04:58	412.6	423.1	329.3	-270.1	-270.1
16:04:59	412.7	423.1	330.8	-270.1	-270.1
16:05:00	412.7	423.1	332.3	-270.1	-270.1
16:05:01	412.6	423.1	333.7	-270.1	-270.1
16:05:02	412.6	423.1	335	-270.1	-270.1
16:05:03	412.6	423.1	336.4	-270.1	-270.1
16:05:04	412.6	423.1	337.7	-270.1	-270.1
16:05:05	412.6	423.1	339	-270.1	-270.1
16:05:06	412.6	423.1	340.2	-270.1	-270.1
16:05:07	412.6	423.1	341.5	-270.1	-270.1
16:05:08	412.6	423.1	342.7	-270.1	-270.1
16:05:09	412.6	423.1	343.9	-270.1	-270.1
16:05:10	412.6	423.1	345.1	-270.1	-270.1
16:05:11	412.6	423.1	346.3	-270.1	-270.1
16:05:12	412.6	423.1	347.4	-270.1	-270.1
16:05:13	412.6	423.1	348.5	-270.1	-270.1
16:05:14	412.5	423.1	349.6	-270.1	-270.1
16:05:15	412.6	423.1	350.7	-270.1	-270.1
16:05:16	412.6	423.2	351.8	-270.1	-270.1
16:05:17	412.6	423.2	352.9	-270.1	-270.1
16:05:18	412.6	423.2	353.9	-270.1	-270.1
16:05:19	412.6	423.2	354.9	-270.1	-270.1
16:05:20	412.5	423.1	355.9	-270.1	-270.1
16:05:21	412.5	423.1	356.8	-270.1	-270.1
16:05:22	412.5	423.1	357.7	-270.1	-270.1
16:05:23	412.5	423.1	358.6	-270.1	-270.1
16:05:24	412.6	423.2	359.6	-270.1	-270.1
16:05:25	412.6	423.2	360.5	-270.1	-270.1
16:05:26	412.5	423.1	361.3	-270.1	-270.1
16:05:27	412.5	423.1	362.1	-270.1	-270.1
16:05:28	412.6	423.2	363	-270.1	-270.1
16:05:29	412.6	423.1	363.8	-270.1	-270.1
16:05:30	412.6	423.1	364.6	-270.1	-270.1
16:05:31	412.6	423.1	365.4	-270.1	-270.1
16:05:32	412.6	423.1	366.1	-270.1	-270.1
16:05:33	412.6	423.1	366.9	-270.1	-270.1
16:05:34	412.5	423.1	367.6	-270.1	-270.1
16:05:35	412.5	423.1	368.3	-270.1	-270.1
16:05:36	412.5	423.1	369	-270.1	-270.1
16:05:37	412.5	423.1	369.7	-270.1	-270.1
16:05:38	412.5	423.1	370.4	-270.1	-270.1
16:05:39	412.5	423.1	371	-270.1	-270.1
16:05:40	412.5	423.1	371.7	-270.1	-270.1
16:05:41	412.5	423.1	372.3	-270.1	-270.1
16:05:42	412.5	423.1	372.9	-270.1	-270.1
16:05:43	412.5	423.1	373.5	-270.1	-270.1
16:05:44	412.5	423.1	374.1	-270.1	-270.1
16:05:45	412.5	423.1	374.7	-270.1	-270.1
16:05:46	412.5	423.1	375.2	-270.1	-270.1
16:05:47	412.5	423.1	375.8	-270.1	-270.1
16:05:48	412.5	423.1	376.4	-270.1	-270.1
16:05:49	412.5	423.1	376.9	-270.1	-270.1
16:05:50	412.5	423.1	377.5	-270.1	-270.1
16:05:51	412.5	423.1	378	-270.1	-270.1
16:05:52	412.5	423.1	378.5	-270.1	-270.1
16:05:53	412.5	423.1	379.1	-270.1	-270.1
16:05:54	412.5	423.1	379.6	-270.1	-270.1
16:05:55	412.5	423.1	380.1	-270.1	-270.1
16:05:56	412.5	423.1	380.5	-270.1	-270.1
16:05:57	412.5	423.1	381	-270.1	-270.1
16:05:58	412.5	423.1	381.5	-270.1	-270.1
16:05:59	412.5	423.1	381.5	-270.1	-270.1
16:06:00	412.5	423.1	381.9	-270.1	-270.1
16:06:01	412.5	423.1	382.4	-270.1	-270.1
16:06:02	412.5	423.1	382.8	-270.1	-270.1
16:06:03	412.5	423.1	383.3	-270.1	-270.1
16:06:04	412.5	423.1	383.7	-270.1	-270.1
16:06:05	412.5	423.1	384.1	-270.1	-270.1
16:06:06	412.4	423.1	384.5	-270.1	-270.1
16:06:07	412.5	423.1	384.9	-270.1	-270.1
16:06:08	412.4	423.1	385.3	-270.1	-270.1
16:06:09	412.5	423.1	385.7	-270.1	-270.1
16:06:10	412.4	423.1	386	-270.1	-270.1
16:06:11	412.5	423.1	386.4	-270.1	-270.1
16:06:12	412.4	423.1	386.8	-270.1	-270.1
16:06:13	412.4	423.1	387.1	-270.1	-270.1
16:06:14	412.4	423.1	387.5	-270.1	-270.1
16:06:15	412.4	423.1	387.8	-270.1	-270.1
16:06:16	412.4	423.1	388.1	-270.1	-270.1
16:06:17	412.4	423.1	388.5	-270.1	-270.1
16:06:18	412.4	423.1	388.8	-270.1	-270.1
16:06:19	412.4	423.1	389.1	-270.1	-270.1
16:06:20	412.4	423.1	389.4	-270.1	-270.1
16:06:21	412.4	423.1	389.7	-270.1	-270.1
16:06:22	412.4	423.1	390	-270.1	-270.1
16:06:23	412.4	423.2	390.3	-270.1	-270.1
16:06:24	412.4	423.2	390.6	-270.1	-270.1
16:06:25	412.4	423.2	390.9	-270.1	-270.1
16:06:26	412.4	423.2	391.2	-270.1	-270.1
16:06:27	412.4	423.2	391.5	-270.1	-270.1
16:06:28	412.4	423.2	391.7	-270.1	-270.1
16:06:29	412.4	423.2	392	-270.1	-270.1
16:06:30	412.5	423.2	392.3	-270.1	-270.1
16:06:31	412.4	423.3	392.5	-270.1	-270.1
16:06:32	412.4	423.3	392.7	-270.1	-270.1
16:06:33	412.4	423.3	392.9	-270.1	-270.1
16:06:34	412.4	423.3	393.1	-270.1	-270.1
16:06:35	412.4	423.3	393.3	-270.1	-270.1
16:06:36	412.4	423.3	393.5	-270.1	-270.1
16:06:37	412.4	423.3	393.8	-270.1	-270.1
16:06:38	412.4	423.4	394	-270.1	-270.1
16:06:39	412.4	423.4	394.2	-270.1	-270.1
16:06:40	412.4	423.4	394.4	-270.1	-270.1
16:06:41	412.4	423.4	394.5	-270.1	-270.1
16:06:42	412.4	423.5	394.8	-270.1	-270.1
16:06:43	412.4	423.5	395	-270.1	-270.1
16:06:44	412.4	423.5	395.2	-270.1	-270.1
16:06:45	412.4	423.5	395.4	-270.1	-270.1
16:06:46	412.4	423.5	395.6	-270.1	-270.1
16:06:47	412.4	423.5	395.8	-270.1	-270.1
16:06:48	412.4	423.5	396	-270.1	-270.1
16:06:49	412.4	423.5	396.2	-270.1	-270.1
16:06:50	412.4	423.6	396.4	-270.1	-270.1
16:06:51	412.4	423.6	396.6	-270.1	-270.1
16:06:52	412.4	423.5	396.7	-270.1	-270.1
16:06:53	412.4	423.5	396.9	-270.1	-270.1
16:06:54	412.4	423.5	397.1	-270.1	-270.1
16:06:55	412.4	423.5	397.2	-270.1	-270.1
16:06:56	412.4	423.6	397.4	-270.1	-270.1
16:06:57	412.4	423.6	397.5	-270.1	-270.1
16:06:58	412.4	423.6	397.7	-270.1	-270.1
16:06:59	412.4	423.6	397.8	-270.1	-270.1
16:07:00	412.4	423.6	398	-270.1	-270.1
16:07:01	412.4	423.6	398.1	-270.1	-270.1
16:07:02	412.4	423.6	398.3	-270.1	-270.1
16:07:03	412.4	423.6	398.5	-270.1	-270.1
16:07:04	412.4	423.6	398.6	-270.1	-270.1
16:07:05	412.4	423.6	398.8	-270.1	-270.1
16:07:06	412.5	423.6	398.9	-270.1	-270.1
16:07:07	412.5	423.6	398.9	-270.1	-270.1
16:07:08	412.5	423.6	399.1	-270.1	-270.1
16:07:09	412.5	423.6	399.2	-270.1	-270.1
16:07:10	412.5	423.6	399.4	-270.1	-270.1
16:07:11	412.5	423.6	399.5	-270.1	-270.1
16:07:12	412.5	423.6	399.7	-270.1	-270.1
16:07:13	412.5	423.6	399.8	-270.1	-270.1
16:07:14	412.5	423.6	399.9	-270.1	-270.1
16:07:15	412.5	423.6	400.1	-270.1	-270.1
16:07:16	412.6	423.5	400.2	-270.1	-270.1
16:07:17	412.6	423.5	400.3	-270.1	-270.1
16:07:18	412.6	423.5	400.4	-270.1	-270.1
16:07:19	412.6	423.5	400.6	-270.1	-270.1
16:07:20	412.6	423.5	400.7	-270.1	-270.1
16:07:21	412.6	423.5	400.8	-270.1	-270.1
16:07:22	412.6	423.5	400.9	-270.1	-270.1
16:07:23	412.6	423.5	401	-270.1	-270.1
16:07:24	412.6	423.5	401.1	-270.1	-270.1
16:07:25	412.6	423.5	401.2	-270.1	-270.1
16:07:26	412.6	423.5	401.3	-270.1	-270.1
16:07:27	412.7	423.5	401.4	-270.1	-270.1
16:07:28	412.7	423.5	401.4	-270.1	-270.1
16:07:29	412.7	423.5	401.5	-270.1	-270.1
16:07:30	412.7	423.5	401.6	-270.1	-270.1
16:07:31	412.7	423.5	401.7	-270.1	-270.1
16:07:32	412.7	423.5	401.8	-270.1	-270.1
16:07:33	412.6	423.5	401.9	-270.1	-270.1
16:07:34	412.6	423.5	402	-270.1	-270.1
16:07:35	412.7	423.5	402.1	-270.1	-270.1
16:07:36	412.6	423.5	402.2	-270.1	-270.1
16:07:37	412.6	423.5	402.3	-270.1	-270.1
16:07:38	412.6	423.5	402.4	-270.1	-270.1
16:07:39	412.6	423.5	402.5	-270.1	-270.1
16:07:40	412.6	423.5	402.6	-270.1	-270.1
16:07:41	412.6	423.5	402.7	-270.1	-270.1
16:07:42	412.6	423.5	402.8	-270.1	-270.1
16:07:43	412.6	423.5	402.9	-270.1	-270.1
16:07:44	412.5	423.6	403	-270.1	-270.1
16:07:45	412.5	423.6	403	-270.1	-270.1
16:07:46	412.5	423.6	403.1	-270.1	-270.1
16:07:47	412.5	423.6	403.1	-270.1	-270.1
16:07:48	412.5	423.6	403.2	-270.1	-270.1
16:07:49	412.5	423.6	403.2	-270.1	-270.1
16:07:50	412.5	423.6	403.3	-270.1	-270.1
16:07:51	412.5	423.6	403.4	-270.1	-270.1
16:07:52	412.5	423.6	403.5	-270.1	-270.1
16:07:53	412.5	423.6	403.6	-270.1	-270.1
16:07:54	412.5	423.6	403.7	-270.1	-270.1
16:07:55	412.4	423.6	403.8	-270.1	-270.1
16:07:56	412.4	423.7	403.9	-270.1	-270.1
16:07:57	412.4	423.7	403.9	-270.1	-270.1
16:07:58	412.4	423.7	404	-270.1	-270.1
16:07:59	412.4	423.7	404.1	-270.1	-270.1
16:08:00	412.4	423.7	404.2	-270.1	-270.1
16:08:01	412.4	423.7	404.2	-270.1	-270.1
16:08:02	412.5	423.7	404.3	-270.1	-270.1
16:08:03	412.5	423.7	404.4	-270.1	-270.1
16:08:04	412.5	423.7	404.5	-270.1	-270.1
16:08:05	412.5	423.8	404.6	-270.1	-270.1
16:08:06	412.5	423.8	404.6	-270.1	-270.1
16:08:07	412.5	423.8	404.7	-270.1	-270.1
16:08:08	412.5	423.8	404.8	-270.1	-270.1
16:08:09	412.5	423.8	404.9	-270.1	-270.1
16:08:10	412.5	423.8	405	-270.1	-270.1
16:08:11	412.5	423.8	405	-270.1	-270.1
16:08:12	412.6	423.8	405.1	-270.1	-270.1
16:08:13	412.6	423.9	405.2	-270.1	-270.1
16:08:14	412.6	423.9	405.2	-270.1	-270.1
16:08:15	412.6	423.9	405.3	-270.1	-270.1
16:08:16	412.6	423.9	405.3	-270.1	-270.1
16:08:17	412.6	423.9	405.4	-270.1	-270.1
16:08:18	412.6	423.9	405.5	-270.1	-270.1
16:08:19	412.6	423.9	405.5	-270.1	-270.1
16:08:20	412.6	423.9	405.6	-270.1	-270.1
16:08:21	412.6	423.9	405.7	-270.1	-270.1
16:08:22	412.6	423.9	405.7	-270.1	-270.1
16:08:23	412.6	424	405.8	-270.1	-270.1
16:08:24	412.6	424	405.8	-270.1	-270.1
16:08:25	412.6	424	405.9	-270.1	-270.1
16:08:26	412.6	424	406	-270.1	-270.1
16:08:27	412.6	424	406.1	-270.1	-270.1
16:08:28	412.6	424	406.1	-270.1	-270.1
16:08:29	412.7	424	406.2	-270.1	-270.1
16:08:30	412.7	424	406.2	-270.1	-270.1
16:08:31	412.7	424	406.3	-270.1	-270.1
16:08:32	412.7	424	406.4	-270.1	-270.1
16:08:33	412.6	424	406.4	-270.1	-270.1
16:08:34	412.6	424	406.5	-270.1	-270.1
16:08:35	412.6	424	406.5	-270.1	-270.1
16:08:36	412.6	424	406.6	-270.1	-270.1
16:08:37	412.6	424	406.6	-270.1	-270.1
16:08:38	412.6	424	406.7	-270.1	-270.1
16:08:39	412.6	424	406.7	-270.1	-270.1
16:08:40	412.6	424	406.8	-270.1	-270.1
16:08:41	412.6	424	406.8	-270.1	-270.1
16:08:42	412.6	424	406.9	-270.1	-270.1
16:08:43	412.6	424	406.9	-270.1	-270.1
16:08:44	412.6	424	406.9	-270.1	-270.1
16:08:45	412.6	424	407	-270.1	-270.1
16:08:46	412.6	424	407	-270.1	-270.1
16:08:47	412.6	424	407.1	-270.1	-270.1
16:08:48	412.6	424	407.1	-270.1	-270.1
16:08:49	412.6	424	407.2	-270.1	-270.1
16:08:50	412.6	423.9	407.2	-270.1	-270.1
16:08:51	412.6	424	407.3	-270.1	-270.1
16:08:52	412.6	423.9	407.3	-270.1	-270.1
16:08:53	412.7	423.9	407.4	-270.1	-270.1
16:08:54	412.7	423.9	407.4	-270.1	-270.1
16:08:55	412.7	423.9	407.4	-270.1	-270.1
16:08:56	412.7	423.9	407.5	-270.1	-270.1
16:08:57	412.7	423.9	407.5	-270.1	-270.1
16:08:58	412.7	423.9	407.6	-270.1	-270.1
16:08:59	412.7	423.9	407.6	-270.1	-270.1
16:09:00	412.7	423.9	407.6	-270.1	-270.1
16:09:01	412.7	423.9	407.7	-270.1	-270.1
16:09:02	412.7	423.9	407.7	-270.1	-270.1
16:09:03	412.7	423.9	407.7	-270.1	-270.1
16:09:04	412.7	423.9	407.7	-270.1	-270.1
16:09:05	412.7	423.9	407.8	-270.1	-270.1
16:09:06	412.7	423.9	407.8	-270.1	-270.1
16:09:07	412.7	423.9	407.9	-270.1	-270.1
16:09:08	412.7	423.9	407.9	-270.1	-270.1
16:09:09	412.7	423.9	407.9	-270.1	-270.1
16:09:10	412.7	423.9	408	-270.1	-270.1
16:09:11	412.7	423.9	407.9	-270.1	-270.1
16:09:12	412.7	423.9	407.9	-270.1	-270.1
16:09:13	412.7	423.9	407.9	-270.1	-270.1
16:09:14	412.7	423.9	407.9	-270.1	-270.1
16:09:15	412.7	423.9	407.9	-270.1	-270.1
16:09:16	412.7	423.9	408	-270.1	-270.1
16:09:17	412.7	423.9	408	-270.1	-270.1
16:09:18	412.7	423.9	408.1	-270.1	-270.1
16:09:19	412.7	423.9	408.1	-270.1	-270.1
16:09:20	412.7	423.9	408.2	-270.1	-270.1
16:09:21	412.7	423.9	408.2	-270.1	-270.1
16:09:22	412.7	423.9	408.2	-270.1	-270.1
16:09:23	412.7	423.9	408.2	-270.1	-270.1
16:09:24	412.7	423.9	408.3	-270.1	-270.1
16:09:25	412.7	423.9	408.3	-270.1	-270.1
16:09:26	412.7	423.9	408.4	-270.1	-270.1
16:09:27	412.7	423.9	408.4	-270.1	-270.1
16:09:28	412.7	423.9	408.4	-270.1	-270.1
16:09:29	412.8	423.9	408.4	-270.1	-270.1
16:09:30	412.8	423.9	408.4	-270.1	-270.1
16:09:31	412.8	423.9	408.5	-270.1	-270.1
16:09:32	412.8	424	408.5	-270.1	-270.1
16:09:33	412.8	424	408.6	-270.1	-270.1
16:09:34	412.8	424	408.6	-270.1	-270.1
16:09:35	412.8	424	408.6	-270.1	-270.1
16:09:36	412.8	424	408.7	-270.1	-270.1
16:09:37	412.8	424	408.6	-270.1	-270.1
16:09:38	412.8	424	408.7	-270.1	-270.1
16:09:39	412.8	424	408.7	-270.1	-270.1
16:09:40	412.8	424	408.7	-270.1	-270.1
16:09:41	412.8	424	408.8	-270.1	-270.1
16:09:42	412.8	424.1	408.8	-270.1	-270.1
16:09:43	412.8	424.1	408.8	-270.1	-270.1
16:09:44	412.8	424.1	408.8	-270.1	-270.1
16:09:45	412.8	424.1	408.8	-270.1	-270.1
16:09:46	412.8	424.1	408.9	-270.1	-270.1
16:09:47	412.8	424.1	408.9	-270.1	-270.1
16:09:48	412.8	424.1	408.9	-270.1	-270.1
16:09:49	412.8	424.1	409	-270.1	-270.1
16:09:50	412.9	424.2	409	-270.1	-270.1
16:09:51	412.9	424.2	409	-270.1	-270.1
16:09:52	412.9	424.2	409.1	-270.1	-270.1
16:09:53	412.9	424.2	409.1	-270.1	-270.1
16:09:54	412.9	424.2	409.1	-270.1	-270.1
16:09:55	412.9	424.2	409.1	-270.1	-270.1
16:09:56	412.9	424.2	409.1	-270.1	-270.1
16:09:57	412.9	424.2	409.2	-270.1	-270.1
16:09:58	412.9	424.2	409.2	-270.1	-270.1
16:09:59	412.9	424.3	409.2	-270.1	-270.1
16:10:00	412.9	424.3	409.3	-270.1	-270.1
16:10:01	412.9	424.3	409.3	-270.1	-270.1
16:10:02	412.9	424.3	409.4	-270.1	-270.1
16:10:03	412.9	424.3	409.4	-270.1	-270.1
16:10:04	412.9	424.3	409.3	-270.1	-270.1
16:10:05	412.9	424.3	409.3	-270.1	-270.1
16:10:06	412.9	424.2	409.3	-270.1	-270.1
16:10:07	412.9	424.2	409.3	-270.1	-270.1
16:10:08	412.9	424.3	409.4	-270.1	-270.1
16:10:09	412.9	424.3	409.5	-270.1	-270.1
16:10:10	412.9	424.2	409.4	-270.1	-270.1
16:10:11	412.9	424.3	409.5	-270.1	-270.1
16:10:12	412.9	424.2	409.5	-270.1	-270.1
16:10:13	412.9	424.2	409.5	-270.1	-270.1
16:10:14	412.9	424.2	409.6	-270.1	-270.1
16:10:15	412.9	424.3	409.6	-270.1	-270.1
16:10:16	412.9	424.3	409.6	-270.1	-270.1
16:10:17	412.9	424.2	409.7	-270.1	-270.1
16:10:18	412.9	424.3	409.7	-270.1	-270.1
16:10:19	412.9	424.3	409.8	-270.1	-270.1
16:10:20	412.9	424.2	409.8	-270.1	-270.1
16:10:21	412.9	424.2	409.8	-270.1	-270.1
16:10:22	412.9	424.2	409.8	-270.1	-270.1
16:10:23	412.9	424.2	409.9	-270.1	-270.1
16:10:24	413	424.3	410	-270.1	-270.1
16:10:25	413	424.3	410	-270.1	-270.1
16:10:26	412.9	424.2	410	-270.1	-270.1
16:10:27	412.9	424.2	410	-270.1	-270.1
16:10:28	412.9	424.2	410	-270.1	-270.1
16:10:29	412.9	424.2	410	-270.1	-270.1
16:10:30	412.9	424.2	410	-270.1	-270.1
16:10:31	412.9	424.2	410.1	-270.1	-270.1
16:10:32	412.9	424.1	410.1	-270.1	-270.1
16:10:33	412.9	424.2	410.1	-270.1	-270.1
16:10:34	413	424.1	410.1	-270.1	-270.1
16:10:35	412.9	424.1	410.1	-270.1	-270.1
16:10:36	412.9	424.1	410.1	-270.1	-270.1
16:10:37	413	424.1	410.1	-270.1	-270.1
16:10:38	413	424.2	410.2	-270.1	-270.1
16:10:39	413	424.2	410.2	-270.1	-270.1
16:10:40	413	424.1	410.2	-270.1	-270.1
16:10:41	413	424.1	410.2	-270.1	-270.1
16:10:42	413	424.1	410.2	-270.1	-270.1
16:10:43	413	424.1	410.3	-270.1	-270.1
16:10:44	413	424.1	410.3	-270.1	-270.1
16:10:45	413	424.1	410.3	-270.1	-270.1
16:10:46	413.1	424.1	410.3	-270.1	-270.1
16:10:47	413.1	424.1	410.4	-270.1	-270.1
16:10:48	413	424.1	410.4	-270.1	-270.1
16:10:49	413	424.1	410.3	-270.1	-270.1
16:10:50	413	424.1	410.3	-270.1	-270.1
16:10:51	413	424.1	410.4	-270.1	-270.1
16:10:52	413	424.1	410.4	-270.1	-270.1
16:10:53	413	424.1	410.4	-270.1	-270.1
16:10:54	413	424.1	410.4	-270.1	-270.1
16:10:55	413	424.1	410.4	-270.1	-270.1
16:10:56	413	424.1	410.4	-270.1	-270.1
16:10:57	413	424.1	410.5	-270.1	-270.1
16:10:58	413	424.1	410.5	-270.1	-270.1
16:10:59	413	424.1	410.5	-270.1	-270.1
16:11:00	413	424.1	410.5	-270.1	-270.1
16:11:01	413	424.1	410.5	-270.1	-270.1
16:11:02	413	424.1	410.6	-270.1	-270.1
16:11:03	413	424.2	410.6	-270.1	-270.1
16:11:04	413.1	424.2	410.6	-270.1	-270.1
16:11:05	413	424.2	410.6	-270.1	-270.1
16:11:06	413	424.2	410.6	-270.1	-270.1
16:11:07	413	424.2	410.7	-270.1	-270.1
16:11:08	413	424.2	410.7	-270.1	-270.1
16:11:09	413	424.2	410.7	-270.1	-270.1
16:11:10	413	424.3	410.7	-270.1	-270.1
16:11:11	413	424.3	410.8	-270.1	-270.1
16:11:12	413	424.2	410.7	-270.1	-270.1
16:11:13	413	424.2	410.7	-270.1	-270.1
16:11:14	413	424.3	410.7	-270.1	-270.1
16:11:15	413	424.3	410.7	-270.1	-270.1
16:11:16	413	424.3	410.7	-270.1	-270.1
16:11:17	413	424.3	410.8	-270.1	-270.1
16:11:18	413	424.4	410.8	-270.1	-270.1
16:11:19	413	424.4	410.7	-270.1	-270.1
16:11:20	412.9	424.3	410.6	-270.1	-270.1
16:11:21	412.9	424.3	410.6	-270.1	-270.1
16:11:22	413	424.4	410.7	-270.1	-270.1
16:11:23	413	424.4	410.7	-270.1	-270.1
16:11:24	413	424.4	410.7	-270.1	-270.1
16:11:25	413	424.4	410.7	-270.1	-270.1
16:11:26	413	424.5	410.8	-270.1	-270.1
16:11:27	413	424.5	410.8	-270.1	-270.1
16:11:28	412.9	424.4	410.8	-270.1	-270.1
16:11:29	412.9	424.4	410.8	-270.1	-270.1
16:11:30	412.9	424.5	410.9	-270.1	-270.1
16:11:31	412.9	424.5	410.9	-270.1	-270.1
16:11:32	412.9	424.4	410.8	-270.1	-270.1
16:11:33	412.8	424.4	410.8	-270.1	-270.1
16:11:34	412.9	424.5	410.9	-270.1	-270.1
16:11:35	412.9	424.5	410.9	-270.1	-270.1
16:11:36	412.8	424.4	410.9	-270.1	-270.1
16:11:37	412.8	424.4	410.8	-270.1	-270.1
16:11:38	412.9	424.4	410.8	-270.1	-270.1
16:11:39	412.9	424.4	410.9	-270.1	-270.1
16:11:40	412.9	424.4	410.9	-270.1	-270.1
16:11:41	412.9	424.4	410.9	-270.1	-270.1
16:11:42	412.9	424.4	410.9	-270.1	-270.1
16:11:43	412.9	424.4	410.9	-270.1	-270.1
16:11:44	412.9	424.4	410.9	-270.1	-270.1
16:11:45	412.9	424.4	410.9	-270.1	-270.1
16:11:46	412.9	424.4	411	-270.1	-270.1
16:11:47	412.9	424.4	411	-270.1	-270.1
16:11:48	413	424.4	411	-270.1	-270.1
16:11:49	413	424.4	411.1	-270.1	-270.1
16:11:50	413	424.4	411.2	-270.1	-270.1
16:11:51	413	424.4	411.1	-270.1	-270.1
16:11:52	413	424.3	411.2	-270.1	-270.1
16:11:53	413	424.3	411.2	-270.1	-270.1
16:11:54	413	424.3	411.2	-270.1	-270.1
16:11:55	413.1	424.3	411.2	-270.1	-270.1
16:11:56	413.1	424.3	411.3	-270.1	-270.1
16:11:57	413.1	424.4	411.4	-270.1	-270.1
16:11:58	413.1	424.4	411.4	-270.1	-270.1
16:11:59	413.1	424.3	411.4	-270.1	-270.1
16:12:00	413.1	424.3	411.4	-270.1	-270.1
16:12:01	413.1	424.3	411.4	-270.1	-270.1
16:12:02	413.1	424.3	411.4	-270.1	-270.1
16:12:03	413.1	424.3	411.4	-270.1	-270.1
16:12:04	413.1	424.3	411.5	-270.1	-270.1
16:12:05	413.1	424.3	411.5	-270.1	-270.1
16:12:06	413.2	424.3	411.5	-270.1	-270.1
16:12:07	413.2	424.3	411.6	-270.1	-270.1
16:12:08	413.2	424.3	411.7	-270.1	-270.1
16:12:09	413.2	424.3	411.6	-270.1	-270.1
16:12:10	413.2	424.3	411.6	-270.1	-270.1
16:12:11	413.2	424.3	411.7	-270.1	-270.1
16:12:12	413.2	424.3	411.7	-270.1	-270.1
16:12:13	413.2	424.3	411.7	-270.1	-270.1
16:12:14	413.2	424.3	411.7	-270.1	-270.1
16:12:15	413.2	424.3	411.8	-270.1	-270.1
16:12:16	413.3	424.3	411.8	-270.1	-270.1
16:12:17	413.3	424.3	411.8	-270.1	-270.1
16:12:18	413.3	424.3	411.8	-270.1	-270.1
16:12:19	413.3	424.3	411.8	-270.1	-270.1
16:12:20	413.3	424.3	411.8	-270.1	-270.1
16:12:21	413.3	424.3	411.8	-270.1	-270.1
16:12:22	413.3	424.3	411.9	-270.1	-270.1
16:12:23	413.3	424.3	411.9	-270.1	-270.1
16:12:24	413.3	424.3	411.9	-270.1	-270.1
16:12:25	413.2	424.3	411.8	-270.1	-270.1
16:12:26	413.2	424.3	411.7	-270.1	-270.1
16:12:27	413.2	424.3	411.7	-270.1	-270.1
16:12:28	413.2	424.3	411.7	-270.1	-270.1
16:12:29	413.2	424.3	411.7	-270.1	-270.1
16:12:30	413.2	424.3	411.7	-270.1	-270.1
16:12:31	413.2	424.3	411.7	-270.1	-270.1
16:12:32	413.2	424.4	411.7	-270.1	-270.1
16:12:33	413.2	424.4	411.7	-270.1	-270.1
16:12:34	413.2	424.4	411.7	-270.1	-270.1
16:12:35	413.2	424.4	411.7	-270.1	-270.1
16:12:36	413.1	424.4	411.7	-270.1	-270.1
16:12:37	413.1	424.4	411.8	-270.1	-270.1
16:12:38	413.1	424.4	411.8	-270.1	-270.1
16:12:39	413.1	424.4	411.8	-270.1	-270.1
16:12:40	413.1	424.4	411.8	-270.1	-270.1
16:12:41	413.1	424.4	411.9	-270.1	-270.1
16:12:42	413.1	424.5	411.8	-270.1	-270.1
16:12:43	413.1	424.5	411.8	-270.1	-270.1
16:12:44	413.1	424.5	411.8	-270.1	-270.1
16:12:45	413.1	424.5	411.8	-270.1	-270.1
16:12:46	413.1	424.5	411.9	-270.1	-270.1
16:12:47	413.1	424.5	411.9	-270.1	-270.1
16:12:48	413.1	424.5	411.9	-270.1	-270.1
16:12:50	413.1	424.5	411.9	-270.1	-270.1
16:12:52	413.1	424.6	412	-270.1	-270.1
16:12:54	413.1	424.6	412	-270.1	-270.1
16:12:55	413.1	424.6	412	-270.1	-270.1
16:12:56	413.1	424.6	412	-270.1	-270.1
16:12:57	413.1	424.6	412.1	-270.1	-270.1
16:12:58	413.1	424.6	412.1	-270.1	-270.1
16:12:59	413.1	424.6	412.1	-270.1	-270.1
16:13:00	413.1	424.6	412.1	-270.1	-270.1
16:13:01	413.1	424.6	412.1	-270.1	-270.1
16:13:02	413.1	424.6	412.1	-270.1	-270.1
16:13:03	413.1	424.6	412.1	-270.1	-270.1
16:13:04	413.1	424.6	412.1	-270.1	-270.1
16:13:05	413.1	424.6	412.1	-270.1	-270.1
16:13:06	413.1	424.6	412	-270.1	-270.1
16:13:07	413.1	424.6	412	-270.1	-270.1
16:13:08	413.1	424.6	412	-270.1	-270.1
16:13:09	413.1	424.6	412	-270.1	-270.1
16:13:10	413.2	424.6	412.1	-270.1	-270.1
16:13:11	413.2	424.6	412.1	-270.1	-270.1
16:13:12	413.2	424.6	412.1	-270.1	-270.1
16:13:13	413.2	424.6	412.2	-270.1	-270.1
16:13:14	413.2	424.6	412.2	-270.1	-270.1
16:13:15	413.2	424.5	412.2	-270.1	-270.1
16:13:16	413.2	424.5	412.2	-270.1	-270.1
16:13:17	413.2	424.5	412.2	-270.1	-270.1
16:13:18	413.2	424.5	412.3	-270.1	-270.1
16:13:19	413.2	424.5	412.3	-270.1	-270.1
16:13:20	413.2	424.5	412.2	-270.1	-270.1
16:13:21	413.2	424.5	412.2	-270.1	-270.1
16:13:22	413.2	424.5	412.2	-270.1	-270.1
16:13:23	413.2	424.5	412.2	-270.1	-270.1
16:13:24	413.2	424.5	412.2	-270.1	-270.1
16:13:25	413.3	424.5	412.3	-270.1	-270.1
16:13:26	413.3	424.5	412.3	-270.1	-270.1
16:13:27	413.3	424.5	412.3	-270.1	-270.1
16:13:28	413.3	424.5	412.3	-270.1	-270.1
16:13:29	413.3	424.5	412.4	-270.1	-270.1
16:13:30	413.3	424.5	412.4	-270.1	-270.1
16:13:31	413.3	424.5	412.4	-270.1	-270.1
16:13:32	413.3	424.4	412.4	-270.1	-270.1
16:13:33	413.2	424.4	412.4	-270.1	-270.1
16:13:34	413.3	424.5	412.5	-270.1	-270.1
16:13:35	413.3	424.5	412.5	-270.1	-270.1
16:13:36	413.3	424.5	412.5	-270.1	-270.1
16:13:37	413.3	424.5	412.5	-270.1	-270.1
16:13:38	413.2	424.4	412.5	-270.1	-270.1
16:13:39	413.2	424.4	412.5	-270.1	-270.1
16:13:40	413.3	424.5	412.5	-270.1	-270.1
16:13:41	413.3	424.5	412.6	-270.1	-270.1
16:13:42	413.2	424.4	412.5	-270.1	-270.1
16:13:43	413.2	424.4	412.5	-270.1	-270.1
16:13:44	413.2	424.4	412.5	-270.1	-270.1
16:13:45	413.2	424.4	412.6	-270.1	-270.1
16:13:46	413.2	424.4	412.6	-270.1	-270.1
16:13:47	413.2	424.4	412.6	-270.1	-270.1
16:13:48	413.3	424.5	412.7	-270.1	-270.1
16:13:49	413.3	424.5	412.7	-270.1	-270.1
16:13:50	413.2	424.5	412.6	-270.1	-270.1
16:13:51	413.2	424.5	412.7	-270.1	-270.1
16:13:52	413.3	424.5	412.7	-270.1	-270.1
16:13:53	413.3	424.6	412.7	-270.1	-270.1
16:13:54	413.3	424.6	412.8	-270.1	-270.1
16:13:55	413.3	424.6	412.8	-270.1	-270.1
16:13:56	413.3	424.5	412.8	-270.1	-270.1
16:13:57	413.3	424.5	412.7	-270.1	-270.1
16:13:58	413.3	424.6	412.7	-270.1	-270.1
16:13:59	413.3	424.6	412.8	-270.1	-270.1
16:14:00	413.3	424.6	412.8	-270.1	-270.1
16:14:01	413.3	424.6	412.8	-270.1	-270.1
16:14:02	413.3	424.6	412.8	-270.1	-270.1
16:14:03	413.3	424.6	412.8	-270.1	-270.1
16:14:04	413.3	424.6	412.8	-270.1	-270.1
16:14:05	413.3	424.6	412.7	-270.1	-270.1
16:14:06	413.3	424.6	412.7	-270.1	-270.1
16:14:07	413.3	424.7	412.8	-270.1	-270.1
16:14:08	413.3	424.7	412.8	-270.1	-270.1
16:14:09	413.3	424.7	412.8	-270.1	-270.1
16:14:10	413.3	424.7	412.8	-270.1	-270.1
16:14:11	413.3	424.7	412.8	-270.1	-270.1
16:14:12	413.3	424.7	412.8	-270.1	-270.1
16:14:13	413.3	424.7	412.8	-270.1	-270.1
16:14:14	413.3	424.7	412.8	-270.1	-270.1
16:14:15	413.3	424.7	412.8	-270.1	-270.1
16:14:16	413.2	424.7	412.7	-270.1	-270.1
16:14:17	413.2	424.7	412.6	-270.1	-270.1
16:14:18	413.3	424.7	412.6	-270.1	-270.1
16:14:19	413.3	424.7	412.7	-270.1	-270.1
16:14:20	413.3	424.7	412.7	-270.1	-270.1
16:14:21	413.3	424.7	412.7	-270.1	-270.1
16:14:22	413.2	424.7	412.7	-270.1	-270.1
16:14:23	413.2	424.7	412.7	-270.1	-270.1
16:14:24	413.2	424.8	412.8	-270.1	-270.1
16:14:25	413.2	424.8	412.8	-270.1	-270.1
16:14:26	413.2	424.7	412.8	-270.1	-270.1
16:14:27	413.2	424.8	412.8	-270.1	-270.1
16:14:28	413.2	424.8	412.8	-270.1	-270.1
16:14:29	413.2	424.8	412.9	-270.1	-270.1
16:14:30	413.2	424.8	412.9	-270.1	-270.1
16:14:31	413.2	424.8	412.9	-270.1	-270.1
16:14:32	413.2	424.8	412.9	-270.1	-270.1
16:14:33	413.2	424.7	412.9	-270.1	-270.1
16:14:34	413.2	424.7	412.9	-270.1	-270.1
16:14:35	413.2	424.7	412.9	-270.1	-270.1
16:14:36	413.2	424.8	412.9	-270.1	-270.1
16:14:37	413.3	424.7	413	-270.1	-270.1
16:14:38	413.3	424.7	413	-270.1	-270.1
16:14:39	413.3	424.7	413	-270.1	-270.1
16:14:40	413.3	424.7	413	-270.1	-270.1
16:14:41	413.3	424.7	413.1	-270.1	-270.1
16:14:42	413.3	424.7	413.1	-270.1	-270.1
16:14:43	413.3	424.7	413.1	-270.1	-270.1
16:14:44	413.3	424.7	413.1	-270.1	-270.1
16:14:45	413.3	424.7	413.1	-270.1	-270.1
16:14:46	413.3	424.7	413	-270.1	-270.1
16:14:47	413.3	424.7	413	-270.1	-270.1
16:14:48	413.3	424.7	413	-270.1	-270.1
16:14:49	413.4	424.7	413	-270.1	-270.1
16:14:50	413.4	424.7	413.1	-270.1	-270.1
16:14:51	413.4	424.7	413.1	-270.1	-270.1
16:14:52	413.4	424.7	413.1	-270.1	-270.1
16:14:53	413.4	424.7	413.2	-270.1	-270.1
16:14:54	413.4	424.7	413.2	-270.1	-270.1
16:14:55	413.4	424.6	413.2	-270.1	-270.1
16:14:56	413.4	424.6	413.2	-270.1	-270.1
16:14:57	413.4	424.6	413.2	-270.1	-270.1
16:14:58	413.4	424.6	413.2	-270.1	-270.1
16:14:59	413.5	424.6	413.2	-270.1	-270.1
16:15:00	413.5	424.6	413.2	-270.1	-270.1
16:15:01	413.4	424.6	413.3	-270.1	-270.1
16:15:02	413.5	424.6	413.3	-270.1	-270.1
16:15:03	413.5	424.6	413.2	-270.1	-270.1
16:15:04	413.5	424.6	413.2	-270.1	-270.1
16:15:05	413.4	424.6	413.2	-270.1	-270.1
16:15:06	413.4	424.6	413.2	-270.1	-270.1
16:15:07	413.4	424.7	413.2	-270.1	-270.1
16:15:08	413.4	424.7	413.2	-270.1	-270.1
16:15:09	413.4	424.7	413.2	-270.1	-270.1
16:15:10	413.4	424.7	413.2	-270.1	-270.1
16:15:11	413.4	424.7	413.2	-270.1	-270.1
16:15:12	413.4	424.7	413.2	-270.1	-270.1
16:15:13	413.4	424.7	413.2	-270.1	-270.1
16:15:14	413.4	424.7	413.2	-270.1	-270.1
16:15:15	413.4	424.7	413.2	-270.1	-270.1
16:15:16	413.4	424.7	413.2	-270.1	-270.1
16:15:17	413.4	424.7	413.2	-270.1	-270.1
16:15:18	413.4	424.7	413.3	-270.1	-270.1
16:15:19	413.4	424.7	413.3	-270.1	-270.1
16:15:20	413.4	424.7	413.3	-270.1	-270.1
16:15:21	413.4	424.7	413.3	-270.1	-270.1
16:15:22	413.4	424.7	413.3	-270.1	-270.1
16:15:23	413.4	424.7	413.4	-270.1	-270.1
16:15:24	413.4	424.7	413.4	-270.1	-270.1
16:15:25	413.4	424.7	413.4	-270.1	-270.1
16:15:26	413.4	424.7	413.4	-270.1	-270.1
16:15:27	413.4	424.7	413.4	-270.1	-270.1
16:15:28	413.4	424.7	413.4	-270.1	-270.1
16:15:29	413.4	424.8	413.4	-270.1	-270.1
16:15:30	413.4	424.8	413.4	-270.1	-270.1
16:15:31	413.4	424.8	413.4	-270.1	-270.1
16:15:32	413.4	424.8	413.4	-270.1	-270.1
16:15:33	413.4	424.8	413.5	-270.1	-270.1
16:15:34	413.4	424.8	413.5	-270.1	-270.1
16:15:35	413.4	424.8	413.5	-270.1	-270.1
16:15:36	413.4	424.8	413.5	-270.1	-270.1
16:15:37	413.4	424.8	413.5	-270.1	-270.1
16:15:38	413.4	424.8	413.5	-270.1	-270.1
16:15:39	413.4	424.9	413.5	-270.1	-270.1
16:15:40	413.4	424.9	413.4	-270.1	-270.1
16:15:41	413.4	424.9	413.5	-270.1	-270.1
16:15:42	413.4	424.9	413.5	-270.1	-270.1
16:15:43	413.4	424.9	413.5	-270.1	-270.1
16:15:44	413.4	424.9	413.5	-270.1	-270.1
16:15:45	413.4	424.9	413.5	-270.1	-270.1
16:15:46	413.4	424.9	413.5	-270.1	-270.1
16:15:47	413.4	424.9	413.5	-270.1	-270.1
16:15:48	413.4	424.9	413.5	-270.1	-270.1
16:15:49	413.4	424.9	413.5	-270.1	-270.1
16:15:50	413.4	424.9	413.6	-270.1	-270.1
16:15:51	413.4	424.9	413.6	-270.1	-270.1
16:15:52	413.4	424.9	413.6	-270.1	-270.1
16:15:53	413.4	424.9	413.6	-270.1	-270.1
16:15:54	413.4	424.9	413.6	-270.1	-270.1
16:15:55	413.5	424.9	413.6	-270.1	-270.1
16:15:56	413.5	424.9	413.6	-270.1	-270.1
16:15:57	413.5	424.9	413.6	-270.1	-270.1
16:15:58	413.5	424.9	413.5	-270.1	-270.1
16:15:59	413.5	424.9	413.5	-270.1	-270.1
16:16:00	413.5	424.9	413.5	-270.1	-270.1
16:16:01	413.4	424.9	413.5	-270.1	-270.1
16:16:02	413.4	424.9	413.5	-270.1	-270.1
16:16:03	413.4	424.9	413.5	-270.1	-270.1
16:16:04	413.4	424.9	413.6	-270.1	-270.1
16:16:05	413.4	424.9	413.6	-270.1	-270.1
16:16:06	413.4	424.9	413.6	-270.1	-270.1
16:16:07	413.4	424.9	413.6	-270.1	-270.1
16:16:08	413.4	424.9	413.6	-270.1	-270.1
16:16:09	413.4	424.9	413.6	-270.1	-270.1
16:16:10	413.4	424.9	413.6	-270.1	-270.1
16:16:11	413.4	424.9	413.7	-270.1	-270.1
16:16:12	413.4	424.9	413.7	-270.1	-270.1
16:16:13	413.4	424.9	413.7	-270.1	-270.1
16:16:14	413.4	424.9	413.6	-270.1	-270.1
16:16:15	413.4	424.9	413.6	-270.1	-270.1
16:16:16	413.5	424.8	413.6	-270.1	-270.1
16:16:17	413.5	424.8	413.6	-270.1	-270.1
16:16:18	413.5	424.8	413.6	-270.1	-270.1
16:16:19	413.5	424.8	413.6	-270.1	-270.1
16:16:20	413.5	424.8	413.6	-270.1	-270.1
16:16:21	413.5	424.8	413.6	-270.1	-270.1
16:16:22	413.5	424.8	413.6	-270.1	-270.1
16:16:23	413.5	424.8	413.7	-270.1	-270.1
16:16:24	413.5	424.8	413.7	-270.1	-270.1
16:16:25	413.5	424.8	413.7	-270.1	-270.1
16:16:26	413.6	424.8	413.7	-270.1	-270.1
16:16:27	413.6	424.8	413.8	-270.1	-270.1
16:16:28	413.6	424.8	413.8	-270.1	-270.1
16:16:29	413.6	424.8	413.8	-270.1	-270.1
16:16:30	413.5	424.8	413.8	-270.1	-270.1
16:16:31	413.6	424.7	413.8	-270.1	-270.1
16:16:32	413.6	424.7	413.8	-270.1	-270.1
16:16:33	413.6	424.8	413.8	-270.1	-270.1
16:16:34	413.6	424.8	413.8	-270.1	-270.1
16:16:35	413.6	424.8	413.8	-270.1	-270.1
16:16:36	413.7	424.8	413.9	-270.1	-270.1
16:16:37	413.7	424.8	413.9	-270.1	-270.1
16:16:38	413.7	424.8	413.9	-270.1	-270.1
16:16:39	413.7	424.8	413.9	-270.1	-270.1
16:16:40	413.7	424.8	413.9	-270.1	-270.1
16:16:41	413.7	424.8	413.9	-270.1	-270.1
16:16:42	413.7	424.8	413.8	-270.1	-270.1
16:16:43	413.7	424.8	413.8	-270.1	-270.1
16:16:44	413.7	424.8	413.8	-270.1	-270.1
16:16:45	413.7	424.8	413.8	-270.1	-270.1
16:16:46	413.7	424.8	413.8	-270.1	-270.1
16:16:47	413.7	424.8	413.8	-270.1	-270.1
16:16:48	413.7	424.8	413.8	-270.1	-270.1
16:16:49	413.7	424.9	413.8	-270.1	-270.1
16:16:50	413.7	424.9	413.8	-270.1	-270.1
16:16:51	413.7	424.9	413.8	-270.1	-270.1
16:16:52	413.7	424.9	413.8	-270.1	-270.1
16:16:53	413.7	424.9	413.8	-270.1	-270.1
16:16:54	413.7	424.9	413.8	-270.1	-270.1
16:16:55	413.7	424.9	413.8	-270.1	-270.1
16:16:56	413.7	424.9	413.8	-270.1	-270.1
16:16:57	413.7	424.9	413.8	-270.1	-270.1
16:16:58	413.7	424.9	413.9	-270.1	-270.1
16:16:59	413.6	425	413.9	-270.1	-270.1
16:17:00	413.6	425	413.9	-270.1	-270.1
16:17:01	413.6	425	413.9	-270.1	-270.1
16:17:02	413.6	425	413.9	-270.1	-270.1
16:17:03	413.6	425	413.9	-270.1	-270.1
16:17:04	413.6	425	413.9	-270.1	-270.1
16:17:05	413.6	425	413.9	-270.1	-270.1
16:17:06	413.6	425	413.9	-270.1	-270.1
16:17:07	413.6	425	413.9	-270.1	-270.1
16:17:08	413.6	425	413.9	-270.1	-270.1
16:17:09	413.6	425.1	414	-270.1	-270.1
16:17:10	413.6	425.1	413.9	-270.1	-270.1
16:17:11	413.6	425.1	413.9	-270.1	-270.1
16:17:12	413.6	425.1	413.9	-270.1	-270.1
16:17:13	413.6	425.1	413.9	-270.1	-270.1
16:17:14	413.5	425.1	413.9	-270.1	-270.1
16:17:15	413.6	425.1	413.9	-270.1	-270.1
16:17:16	413.5	425.1	413.8	-270.1	-270.1
16:17:17	413.5	425.1	413.8	-270.1	-270.1
16:17:18	413.6	425.1	413.8	-270.1	-270.1
16:17:19	413.6	425.1	413.8	-270.1	-270.1
16:17:20	413.6	425.1	413.9	-270.1	-270.1
16:17:21	413.6	425.1	413.9	-270.1	-270.1
16:17:22	413.6	425.1	413.9	-270.1	-270.1
16:17:23	413.6	425.1	413.9	-270.1	-270.1
16:17:24	413.6	425.1	413.8	-270.1	-270.1
16:17:25	413.6	425.1	413.8	-270.1	-270.1
16:17:26	413.6	425.1	413.8	-270.1	-270.1
16:17:27	413.6	425.1	413.8	-270.1	-270.1
16:17:28	413.5	425.1	413.8	-270.1	-270.1
16:17:29	413.5	425	413.8	-270.1	-270.1
16:17:30	413.6	425.1	413.8	-270.1	-270.1
16:17:31	413.6	425.1	413.9	-270.1	-270.1
16:17:32	413.6	425.1	413.9	-270.1	-270.1
16:17:33	413.6	425.1	414	-270.1	-270.1
16:17:34	413.6	425.1	414	-270.1	-270.1
16:17:35	413.6	425.1	414	-270.1	-270.1
16:17:36	413.6	425.1	414	-270.1	-270.1
16:17:37	413.6	425.1	414	-270.1	-270.1
16:17:38	413.6	425.1	414	-270.1	-270.1
16:17:39	413.6	425	414	-270.1	-270.1
16:17:40	413.6	425.1	414	-270.1	-270.1
16:17:41	413.6	425.1	414	-270.1	-270.1
16:17:42	413.6	425	414	-270.1	-270.1
16:17:43	413.6	425	414	-270.1	-270.1
16:17:44	413.6	425	414	-270.1	-270.1
16:17:45	413.6	425	414.1	-270.1	-270.1
16:17:46	413.6	425	414	-270.1	-270.1
16:17:47	413.6	424.9	413.9	-270.1	-270.1
16:17:48	413.6	424.9	413.9	-270.1	-270.1
16:17:49	413.7	425	414	-270.1	-270.1
16:17:50	413.7	425	414	-270.1	-270.1
16:17:51	413.6	425	414	-270.1	-270.1
16:17:52	413.7	425	413.9	-270.1	-270.1
16:17:53	413.6	424.9	413.9	-270.1	-270.1
16:17:54	413.6	424.9	413.9	-270.1	-270.1
16:17:55	413.7	425	414	-270.1	-270.1
16:17:56	413.6	425	414	-270.1	-270.1
16:17:57	413.6	424.9	413.9	-270.1	-270.1
16:17:58	413.6	424.9	413.9	-270.1	-270.1
16:17:59	413.6	424.9	414	-270.1	-270.1
16:18:00	413.6	424.9	414	-270.1	-270.1
16:18:01	413.6	424.9	414	-270.1	-270.1
16:18:02	413.6	424.9	414	-270.1	-270.1
16:18:03	413.6	424.9	414	-270.1	-270.1
16:18:04	413.6	424.9	413.9	-270.1	-270.1
16:18:05	413.6	424.9	413.9	-270.1	-270.1
16:18:06	413.6	424.9	413.9	-270.1	-270.1
16:18:07	413.6	424.9	413.9	-270.1	-270.1
16:18:08	413.6	424.9	413.9	-270.1	-270.1
16:18:09	413.6	425	413.9	-270.1	-270.1
16:18:10	413.6	425	413.9	-270.1	-270.1
16:18:11	413.5	424.9	413.8	-270.1	-270.1
16:18:12	413.5	424.9	413.8	-270.1	-270.1
16:18:13	413.6	425	413.9	-270.1	-270.1
16:18:14	413.6	425	413.8	-270.1	-270.1
16:18:15	413.6	425	413.8	-270.1	-270.1
16:18:16	413.6	425	413.8	-270.1	-270.1
16:18:17	413.6	425	413.9	-270.1	-270.1
16:18:18	413.6	425	413.8	-270.1	-270.1
16:18:19	413.6	425	413.8	-270.1	-270.1
16:18:20	413.6	425	413.8	-270.1	-270.1
16:18:21	413.6	425	413.8	-270.1	-270.1
16:18:22	413.6	425	413.9	-270.1	-270.1
16:18:23	413.5	425	413.9	-270.1	-270.1
16:18:24	413.6	425	413.9	-270.1	-270.1
16:18:25	413.6	425	413.9	-270.1	-270.1
16:18:26	413.6	425	414	-270.1	-270.1
16:18:27	413.6	425	414	-270.1	-270.1
16:18:28	413.6	425	413.9	-270.1	-270.1
16:18:29	413.6	425.1	414	-270.1	-270.1
16:18:30	413.6	425.1	414.1	-270.1	-270.1
16:18:31	413.6	425.1	414.1	-270.1	-270.1
16:18:32	413.6	425	414.1	-270.1	-270.1
16:18:33	413.6	425.1	414.1	-270.1	-270.1
16:18:34	413.7	425.1	414.1	-270.1	-270.1
16:18:35	413.7	425.1	414.2	-270.1	-270.1
16:18:36	413.7	425.1	414.2	-270.1	-270.1
16:18:37	413.7	425.1	414.2	-270.1	-270.1
16:18:38	413.7	425.1	414.2	-270.1	-270.1
16:18:39	413.7	425.2	414.2	-270.1	-270.1
16:18:40	413.7	425.2	414.2	-270.1	-270.1
16:18:41	413.7	425.2	414.2	-270.1	-270.1
16:18:42	413.6	425.2	414.3	-270.1	-270.1
16:18:43	413.6	425.1	414.2	-270.1	-270.1
16:18:44	413.6	425.2	414.2	-270.1	-270.1
16:18:45	413.6	425.1	414.2	-270.1	-270.1
16:18:46	413.7	425.1	414.2	-270.1	-270.1
16:18:47	413.7	425.2	414.3	-270.1	-270.1
16:18:48	413.7	425.2	414.3	-270.1	-270.1
16:18:49	413.7	425.2	414.2	-270.1	-270.1
16:18:50	413.7	425.2	414.3	-270.1	-270.1
16:18:51	413.7	425.2	414.2	-270.1	-270.1
16:18:52	413.7	425.2	414.3	-270.1	-270.1
16:18:53	413.7	425.2	414.3	-270.1	-270.1
16:18:54	413.7	425.2	414.3	-270.1	-270.1
16:18:55	413.7	425.2	414.3	-270.1	-270.1
16:18:56	413.7	425.2	414.3	-270.1	-270.1
16:18:57	413.7	425.2	414.3	-270.1	-270.1
16:18:58	413.6	425.2	414.3	-270.1	-270.1
16:18:59	413.7	425.2	414.4	-270.1	-270.1
16:19:00	413.6	425.2	414.4	-270.1	-270.1
16:19:01	413.6	425.2	414.4	-270.1	-270.1
16:19:02	413.6	425.2	414.4	-270.1	-270.1
16:19:03	413.6	425.2	414.4	-270.1	-270.1
16:19:04	413.6	425.2	414.4	-270.1	-270.1
16:19:05	413.6	425.2	414.4	-270.1	-270.1
16:19:06	413.6	425.2	414.4	-270.1	-270.1
统计于2017年08月08日16时19分09秒					
