温度历史数据					
时间	温度0	温度1	温度2	温度3	温度4
16:24:29	414	425.5	156.9	-270.1	-270.1
16:24:30	414	425.5	155.9	-270.1	-270.1
16:24:31	414	425.5	155	-270.1	-270.1
16:24:32	413.9	425.5	154	-270.1	-270.1
16:24:33	413.9	425.5	153.2	-270.1	-270.1
16:24:34	414	425.5	152.3	-270.1	-270.1
16:24:35	414	425.5	151.5	-270.1	-270.1
16:24:36	414	425.5	150.6	-270.1	-270.1
16:24:37	414	425.5	149.7	-270.1	-270.1
16:24:38	414	425.5	148.9	-270.1	-270.1
16:24:39	414	425.5	148.1	-270.1	-270.1
16:24:40	413.9	425.4	148.1	-270.1	-270.1
16:24:41	413.9	425.4	147.2	-270.1	-270.1
16:24:42	414	425.5	146.3	-270.1	-270.1
16:24:43	414	425.5	145.6	-270.1	-270.1
16:24:44	414	425.5	144.8	-270.1	-270.1
16:24:45	414	425.5	144	-270.1	-270.1
16:24:46	414	425.4	143.2	-270.1	-270.1
16:24:47	414	425.4	142.4	-270.1	-270.1
16:24:48	414	425.4	141.6	-270.1	-270.1
16:24:49	414	425.4	140.9	-270.1	-270.1
16:24:50	414	425.4	140.2	-270.1	-270.1
16:24:51	414	425.4	139.4	-270.1	-270.1
16:24:52	414	425.4	138.6	-270.1	-270.1
16:24:53	414	425.4	137.9	-270.1	-270.1
16:24:54	414	425.4	137.2	-270.1	-270.1
16:24:55	413.9	425.4	136.5	-270.1	-270.1
16:24:56	413.9	425.4	135.8	-270.1	-270.1
16:24:57	414	425.4	135.1	-270.1	-270.1
16:24:58	414	425.4	134.5	-270.1	-270.1
16:24:59	413.9	425.4	133.8	-270.1	-270.1
16:25:00	413.9	425.4	133.1	-270.1	-270.1
16:25:01	413.9	425.4	132.5	-270.1	-270.1
16:25:02	413.9	425.4	131.8	-270.1	-270.1
16:25:03	413.9	425.4	131.2	-270.1	-270.1
16:25:04	413.9	425.3	130.4	-270.1	-270.1
16:25:05	413.8	425.3	129.5	-270.1	-270.1
16:25:06	413.9	425.3	128.8	-270.1	-270.1
16:25:07	413.9	425.4	127.8	-270.1	-270.1
16:25:08	413.9	425.4	126.5	-270.1	-270.1
16:25:09	413.9	425.4	125.2	-270.1	-270.1
16:25:10	413.9	425.4	123.9	-270.1	-270.1
16:25:11	413.9	425.4	122.5	-270.1	-270.1
16:25:12	413.9	425.4	121.2	-270.1	-270.1
16:25:13	414	425.4	120	-270.1	-270.1
16:25:14	414	425.4	118.8	-270.1	-270.1
16:25:15	414	425.4	117.6	-270.1	-270.1
16:25:16	414	425.4	116.6	-270.1	-270.1
16:25:17	414	425.4	115.7	-270.1	-270.1
16:25:18	414	425.4	114.8	-270.1	-270.1
16:25:19	414	425.4	114	-270.1	-270.1
16:25:20	414	425.4	113	-270.1	-270.1
16:25:21	414	425.4	112.1	-270.1	-270.1
16:25:22	414	425.5	111.1	-270.1	-270.1
16:25:23	414	425.4	109.9	-270.1	-270.1
16:25:24	414	425.5	108.8	-270.1	-270.1
16:25:25	414	425.5	107.7	-270.1	-270.1
16:25:26	414	425.5	106.9	-270.1	-270.1
16:25:27	414	425.5	106.1	-270.1	-270.1
16:25:28	414	425.5	105.3	-270.1	-270.1
16:25:29	414	425.5	104.5	-270.1	-270.1
16:25:30	414	425.5	103.5	-270.1	-270.1
16:25:31	414	425.5	102.5	-270.1	-270.1
16:25:32	414	425.5	101.7	-270.1	-270.1
16:25:33	414	425.5	100.9	-270.1	-270.1
16:25:34	414	425.5	100.3	-270.1	-270.1
16:25:35	414	425.5	99.9	-270.1	-270.1
16:25:36	414	425.5	99.5	-270.1	-270.1
16:25:37	414	425.5	99.2	-270.1	-270.1
16:25:38	414	425.5	98.9	-270.1	-270.1
16:25:39	414	425.5	98.7	-270.1	-270.1
16:25:40	414	425.5	98.4	-270.1	-270.1
16:25:41	414	425.5	98.1	-270.1	-270.1
16:25:42	414	425.5	97.8	-270.1	-270.1
16:25:43	414	425.5	97.5	-270.1	-270.1
16:25:44	414.1	425.5	97.3	-270.1	-270.1
16:25:45	414.1	425.5	97.1	-270.1	-270.1
16:25:46	414	425.5	96.7	-270.1	-270.1
16:25:47	414	425.5	96.7	-270.1	-270.1
16:25:48	414	425.5	96.5	-270.1	-270.1
16:25:49	414	425.5	96.2	-270.1	-270.1
16:25:50	414	425.5	96	-270.1	-270.1
16:25:51	414	425.5	95.7	-270.1	-270.1
16:25:52	414	425.6	95.4	-270.1	-270.1
16:25:53	414.1	425.5	95.3	-270.1	-270.1
16:25:54	414	425.5	95.2	-270.1	-270.1
16:25:55	414	425.5	95.1	-270.1	-270.1
16:25:56	414	425.5	95	-270.1	-270.1
16:25:57	414	425.5	94.9	-270.1	-270.1
16:25:58	414	425.5	94.8	-270.1	-270.1
16:25:59	414	425.5	94.7	-270.1	-270.1
16:26:00	414	425.5	94.6	-270.1	-270.1
16:26:01	414	425.5	94.4	-270.1	-270.1
16:26:02	414	425.5	94.2	-270.1	-270.1
16:26:03	414	425.5	94	-270.1	-270.1
16:26:04	414	425.5	93.8	-270.1	-270.1
16:26:05	414	425.5	93.6	-270.1	-270.1
16:26:06	414	425.5	93.4	-270.1	-270.1
16:26:07	414	425.5	93.3	-270.1	-270.1
16:26:08	414	425.5	93.2	-270.1	-270.1
16:26:09	414	425.5	93	-270.1	-270.1
16:26:10	414	425.5	92.8	-270.1	-270.1
16:26:11	414	425.4	92.6	-270.1	-270.1
16:26:12	414	425.4	92.4	-270.1	-270.1
16:26:13	414	425.5	92.3	-270.1	-270.1
16:26:14	414	425.4	92.1	-270.1	-270.1
16:26:15	414	425.4	91.9	-270.1	-270.1
16:26:16	414	425.4	91.7	-270.1	-270.1
16:26:17	414	425.4	91.6	-270.1	-270.1
16:26:18	414	425.4	91.4	-270.1	-270.1
16:26:19	414	425.4	91.2	-270.1	-270.1
16:26:20	414.1	425.5	91.1	-270.1	-270.1
16:26:21	414.1	425.5	91	-270.1	-270.1
16:26:22	414	425.4	90.9	-270.1	-270.1
16:26:23	414	425.4	90.8	-270.1	-270.1
16:26:24	414	425.4	90.7	-270.1	-270.1
16:26:25	414	425.4	90.6	-270.1	-270.1
16:26:26	414	425.4	90.5	-270.1	-270.1
16:26:27	414	425.4	90.3	-270.1	-270.1
16:26:28	414	425.4	90.3	-270.1	-270.1
16:26:29	414	425.4	90.2	-270.1	-270.1
16:26:30	414	425.4	90.1	-270.1	-270.1
16:26:31	414	425.4	89.9	-270.1	-270.1
16:26:32	414	425.4	89.8	-270.1	-270.1
16:26:33	414	425.4	89.8	-270.1	-270.1
16:26:34	414	425.4	89.7	-270.1	-270.1
16:26:35	414	425.4	89.6	-270.1	-270.1
16:26:36	414.1	425.5	89.5	-270.1	-270.1
16:26:37	414.1	425.5	89.4	-270.1	-270.1
16:26:38	414	425.4	89.1	-270.1	-270.1
16:26:39	414	425.4	88.9	-270.1	-270.1
16:26:40	414	425.4	88.8	-270.1	-270.1
16:26:41	414	425.4	88.6	-270.1	-270.1
16:26:42	414.1	425.5	88.6	-270.1	-270.1
16:26:43	414.1	425.5	88.5	-270.1	-270.1
16:26:44	414.1	425.5	88.4	-270.1	-270.1
16:26:45	414.1	425.5	88.3	-270.1	-270.1
16:26:46	414.1	425.5	88.2	-270.1	-270.1
16:26:47	414	425.5	88.1	-270.1	-270.1
16:26:48	414	425.5	88	-270.1	-270.1
16:26:49	414	425.5	87.9	-270.1	-270.1
16:26:50	414	425.5	87.7	-270.1	-270.1
16:26:51	414	425.5	87.6	-270.1	-270.1
16:26:52	414	425.5	87.4	-270.1	-270.1
16:26:53	414	425.5	87.3	-270.1	-270.1
16:26:54	414	425.5	87.1	-270.1	-270.1
16:26:55	414	425.5	87.1	-270.1	-270.1
16:26:56	414	425.5	86.9	-270.1	-270.1
16:26:57	414	425.5	86.7	-270.1	-270.1
16:26:58	414	425.5	86.6	-270.1	-270.1
16:26:59	414	425.5	86.4	-270.1	-270.1
16:27:00	414	425.5	86.2	-270.1	-270.1
16:27:01	414	425.5	86	-270.1	-270.1
16:27:02	414	425.4	85.8	-270.1	-270.1
16:27:03	414	425.4	85.7	-270.1	-270.1
16:27:04	414	425.5	85.5	-270.1	-270.1
16:27:05	414	425.4	85.2	-270.1	-270.1
16:27:06	413.9	425.4	84.9	-270.1	-270.1
16:27:07	414	425.4	84.8	-270.1	-270.1
16:27:08	414	425.4	84.5	-270.1	-270.1
16:27:09	414	425.4	84.2	-270.1	-270.1
16:27:10	414	425.4	83.8	-270.1	-270.1
16:27:11	414	425.4	83.3	-270.1	-270.1
16:27:12	414	425.4	82.9	-270.1	-270.1
16:27:13	414	425.4	82.7	-270.1	-270.1
16:27:14	414	425.4	82.7	-270.1	-270.1
16:27:15	414	425.4	82.7	-270.1	-270.1
16:27:16	414	425.4	82.7	-270.1	-270.1
16:27:17	414	425.4	82.6	-270.1	-270.1
16:27:18	414	425.4	82.5	-270.1	-270.1
16:27:19	414	425.4	82.5	-270.1	-270.1
16:27:20	414.1	425.4	82.4	-270.1	-270.1
16:27:21	414.1	425.4	82.4	-270.1	-270.1
16:27:22	414.1	425.4	82.3	-270.1	-270.1
16:27:23	414.1	425.4	82.1	-270.1	-270.1
16:27:24	414.1	425.4	82.1	-270.1	-270.1
16:27:25	414.1	425.4	81.9	-270.1	-270.1
16:27:26	414.1	425.4	81.8	-270.1	-270.1
16:27:27	414.1	425.4	81.7	-270.1	-270.1
16:27:28	414.1	425.4	81.7	-270.1	-270.1
16:27:29	414.1	425.4	81.6	-270.1	-270.1
16:27:30	414.1	425.4	81.5	-270.1	-270.1
16:27:31	414.1	425.4	81.3	-270.1	-270.1
16:27:32	414.1	425.4	81.2	-270.1	-270.1
16:27:33	414.1	425.4	81.1	-270.1	-270.1
16:27:34	414.1	425.4	81	-270.1	-270.1
16:27:35	414.1	425.5	80.9	-270.1	-270.1
16:27:36	414.1	425.4	80.8	-270.1	-270.1
16:27:37	414.1	425.5	80.6	-270.1	-270.1
16:27:38	414.1	425.5	80.5	-270.1	-270.1
16:27:39	414.1	425.5	80.2	-270.1	-270.1
16:27:40	414.1	425.5	79.9	-270.1	-270.1
16:27:41	414.1	425.5	79.4	-270.1	-270.1
16:27:42	414.1	425.5	78.9	-270.1	-270.1
16:27:43	414.1	425.5	78.3	-270.1	-270.1
16:27:44	414.1	425.5	77.7	-270.1	-270.1
16:27:45	414.1	425.5	77.2	-270.1	-270.1
16:27:46	414.1	425.5	76.7	-270.1	-270.1
16:27:47	414.1	425.5	76.2	-270.1	-270.1
16:27:48	414.1	425.5	75.7	-270.1	-270.1
16:27:49	414.1	425.5	75.3	-270.1	-270.1
16:27:50	414.1	425.5	74.9	-270.1	-270.1
16:27:51	414.1	425.5	74.6	-270.1	-270.1
16:27:52	414.1	425.5	74.5	-270.1	-270.1
16:27:53	414	425.5	74.3	-270.1	-270.1
16:27:54	414	425.5	74.2	-270.1	-270.1
16:27:55	414	425.5	74.1	-270.1	-270.1
16:27:56	414	425.5	74	-270.1	-270.1
16:27:57	414	425.5	73.9	-270.1	-270.1
16:27:58	414	425.5	73.8	-270.1	-270.1
16:27:59	413.9	425.5	73.8	-270.1	-270.1
16:28:00	413.9	425.5	73.8	-270.1	-270.1
16:28:01	413.9	425.6	73.7	-270.1	-270.1
16:28:02	413.9	425.6	73.7	-270.1	-270.1
16:28:03	413.9	425.6	73.8	-270.1	-270.1
16:28:04	413.9	425.6	73.9	-270.1	-270.1
16:28:05	413.9	425.6	74	-270.1	-270.1
16:28:06	413.9	425.6	74.3	-270.1	-270.1
16:28:07	413.9	425.6	74.6	-270.1	-270.1
16:28:08	413.9	425.6	75	-270.1	-270.1
16:28:09	413.9	425.6	75.3	-270.1	-270.1
16:28:10	413.9	425.6	75.9	-270.1	-270.1
16:28:11	413.9	425.6	76.7	-270.1	-270.1
16:28:12	413.9	425.6	77.7	-270.1	-270.1
16:28:13	413.9	425.6	79.1	-270.1	-270.1
16:28:14	413.9	425.6	80.6	-270.1	-270.1
16:28:15	413.9	425.6	82.4	-270.1	-270.1
16:28:16	413.9	425.6	84.6	-270.1	-270.1
16:28:17	413.9	425.6	86.9	-270.1	-270.1
16:28:18	414	425.6	89.6	-270.1	-270.1
16:28:19	414	425.6	92.8	-270.1	-270.1
16:28:20	414	425.6	96.4	-270.1	-270.1
16:28:21	414	425.6	100.4	-270.1	-270.1
16:28:22	413.9	425.6	104.7	-270.1	-270.1
16:28:23	413.9	425.6	109.3	-270.1	-270.1
16:28:24	413.9	425.6	114.1	-270.1	-270.1
16:28:25	413.9	425.6	119.1	-270.1	-270.1
16:28:26	413.9	425.6	124.2	-270.1	-270.1
16:28:27	413.8	425.6	129.3	-270.1	-270.1
16:28:28	413.8	425.6	134.5	-270.1	-270.1
16:28:29	413.8	425.6	139.8	-270.1	-270.1
16:28:30	413.8	425.6	145	-270.1	-270.1
16:28:31	413.8	425.6	150.3	-270.1	-270.1
16:28:32	413.8	425.6	155.4	-270.1	-270.1
16:28:33	413.8	425.6	160.3	-270.1	-270.1
16:28:34	413.8	425.6	165.1	-270.1	-270.1
16:28:35	413.8	425.6	169.7	-270.1	-270.1
16:28:36	413.7	425.5	174.1	-270.1	-270.1
16:28:37	413.7	425.5	178.4	-270.1	-270.1
16:28:38	413.6	425.5	182.8	-270.1	-270.1
16:28:39	413.6	425.5	187	-270.1	-270.1
16:28:40	413.6	425.5	191.1	-270.1	-270.1
16:28:41	413.6	425.5	195.1	-270.1	-270.1
16:28:42	413.6	425.4	199.1	-270.1	-270.1
16:28:43	413.6	425.4	203.1	-270.1	-270.1
16:28:44	413.6	425.4	206.9	-270.1	-270.1
16:28:45	413.6	425.4	210.7	-270.1	-270.1
16:28:46	413.6	425.4	214.5	-270.1	-270.1
16:28:47	413.5	425.4	218.1	-270.1	-270.1
16:28:48	413.5	425.4	221.7	-270.1	-270.1
16:28:49	413.5	425.4	225.3	-270.1	-270.1
16:28:50	413.6	425.4	228.8	-270.1	-270.1
16:28:51	413.6	425.4	232.2	-270.1	-270.1
16:28:52	413.5	425.3	235.5	-270.1	-270.1
16:28:53	413.5	425.3	238.8	-270.1	-270.1
16:28:54	413.5	425.3	242	-270.1	-270.1
16:28:55	413.4	425.3	245.2	-270.1	-270.1
16:28:56	413.4	425.3	248.3	-270.1	-270.1
16:28:57	413.4	425.3	251.3	-270.1	-270.1
16:28:58	413.4	425.3	254.3	-270.1	-270.1
16:28:59	413.4	425.3	257.3	-270.1	-270.1
16:29:00	413.3	425.3	260.2	-270.1	-270.1
16:29:01	413.3	425.3	263	-270.1	-270.1
16:29:02	413.3	425.3	265.8	-270.1	-270.1
16:29:03	413.3	425.3	268.5	-270.1	-270.1
16:29:04	413.2	425.3	271.2	-270.1	-270.1
16:29:05	413.2	425.3	273.9	-270.1	-270.1
16:29:06	413.2	425.3	276.5	-270.1	-270.1
16:29:07	413.2	425.3	279	-270.1	-270.1
16:29:08	413.2	425.3	281.5	-270.1	-270.1
16:29:09	413.1	425.3	284	-270.1	-270.1
16:29:10	413.1	425.2	284	-270.1	-270.1
16:29:11	413.1	425.2	286.4	-270.1	-270.1
16:29:12	413.1	425.2	288.8	-270.1	-270.1
16:29:13	413.1	425.2	291.1	-270.1	-270.1
16:29:14	413	425.2	293.4	-270.1	-270.1
16:29:15	413	425.2	295.6	-270.1	-270.1
16:29:16	413	425.2	297.8	-270.1	-270.1
16:29:17	413	425.2	300	-270.1	-270.1
16:29:18	413	425.2	302.1	-270.1	-270.1
16:29:19	413	425.2	304.2	-270.1	-270.1
16:29:20	413	425.2	306.2	-270.1	-270.1
16:29:21	412.9	425.2	308.2	-270.1	-270.1
16:29:22	412.9	425.2	310.2	-270.1	-270.1
16:29:23	412.9	425.2	312.2	-270.1	-270.1
16:29:24	412.9	425.2	314.1	-270.1	-270.1
16:29:25	412.9	425.2	316	-270.1	-270.1
16:29:26	412.9	425.2	317.8	-270.1	-270.1
16:29:27	412.9	425.2	319.6	-270.1	-270.1
16:29:28	412.9	425.2	321.3	-270.1	-270.1
16:29:29	412.9	425.2	323	-270.1	-270.1
16:29:30	412.9	425.2	324.7	-270.1	-270.1
16:29:31	412.9	425.2	326.4	-270.1	-270.1
16:29:32	412.9	425.2	328	-270.1	-270.1
16:29:33	412.8	425.2	329.6	-270.1	-270.1
16:29:34	412.8	425.2	331.1	-270.1	-270.1
16:29:35	412.8	425.2	332.7	-270.1	-270.1
16:29:36	412.8	425.2	334.2	-270.1	-270.1
16:29:37	412.8	425.2	335.7	-270.1	-270.1
16:29:38	412.8	425.2	337.1	-270.1	-270.1
16:29:39	412.8	425.2	338.5	-270.1	-270.1
16:29:40	412.8	425.2	339.9	-270.1	-270.1
16:29:41	412.8	425.1	341.3	-270.1	-270.1
16:29:42	412.8	425.1	342.6	-270.1	-270.1
16:29:43	412.8	425.1	343.9	-270.1	-270.1
16:29:44	412.8	425.1	345.2	-270.1	-270.1
16:29:45	412.7	425.1	346.4	-270.1	-270.1
16:29:46	412.7	425.1	347.7	-270.1	-270.1
16:29:47	412.7	425.1	348.9	-270.1	-270.1
16:29:48	412.7	425.1	350.1	-270.1	-270.1
16:29:49	412.7	425.1	351.2	-270.1	-270.1
16:29:50	412.7	425.1	352.4	-270.1	-270.1
16:29:51	412.7	425.1	353.5	-270.1	-270.1
16:29:52	412.7	425.1	354.6	-270.1	-270.1
16:29:53	412.7	425	355.6	-270.1	-270.1
16:29:54	412.8	425.1	356.8	-270.1	-270.1
16:29:55	412.8	425.1	357.8	-270.1	-270.1
16:29:56	412.7	425	358.7	-270.1	-270.1
16:29:57	412.7	425	359.7	-270.1	-270.1
16:29:58	412.7	425	360.7	-270.1	-270.1
16:29:59	412.7	425	361.6	-270.1	-270.1
16:30:00	412.7	425	362.6	-270.1	-270.1
16:30:01	412.6	425	363.5	-270.1	-270.1
16:30:02	412.6	425	364.4	-270.1	-270.1
16:30:03	412.6	425	365.2	-270.1	-270.1
16:30:04	412.6	425	366.1	-270.1	-270.1
16:30:05	412.6	424.9	366.9	-270.1	-270.1
16:30:06	412.6	424.9	367.7	-270.1	-270.1
16:30:07	412.6	424.9	368.5	-270.1	-270.1
16:30:08	412.6	424.9	369.3	-270.1	-270.1
16:30:09	412.6	424.9	370.1	-270.1	-270.1
16:30:10	412.7	425	370.9	-270.1	-270.1
16:30:11	412.7	425	371.7	-270.1	-270.1
16:30:12	412.7	425	372.4	-270.1	-270.1
16:30:13	412.7	425	373.1	-270.1	-270.1
16:30:14	412.6	424.9	373.7	-270.1	-270.1
16:30:15	412.6	424.9	374.4	-270.1	-270.1
16:30:16	412.6	425	375.1	-270.1	-270.1
16:30:17	412.6	425	375.1	-270.1	-270.1
16:30:18	412.6	424.9	375.8	-270.1	-270.1
16:30:19	412.6	424.9	376.3	-270.1	-270.1
16:30:20	412.6	425	377	-270.1	-270.1
16:30:21	412.6	425	377.7	-270.1	-270.1
16:30:22	412.6	425	378.3	-270.1	-270.1
16:30:24	412.6	425	379.4	-270.1	-270.1
16:30:26	412.6	425	380.5	-270.1	-270.1
16:30:28	412.6	425	381.6	-270.1	-270.1
16:30:30	412.6	425	382.7	-270.1	-270.1
16:30:31	412.6	425	383.2	-270.1	-270.1
16:30:32	412.6	425	383.6	-270.1	-270.1
16:30:33	412.6	425	384.1	-270.1	-270.1
16:30:34	412.6	425	384.6	-270.1	-270.1
16:30:35	412.6	425	385.1	-270.1	-270.1
16:30:36	412.6	425	385.5	-270.1	-270.1
16:30:37	412.6	425	386	-270.1	-270.1
16:30:38	412.7	425	386.4	-270.1	-270.1
16:30:39	412.7	425.1	386.9	-270.1	-270.1
16:30:40	412.6	425.1	387.3	-270.1	-270.1
16:30:41	412.6	425.1	387.7	-270.1	-270.1
16:30:42	412.6	425.1	388.1	-270.1	-270.1
16:30:43	412.6	425.1	388.5	-270.1	-270.1
16:30:44	412.6	425.1	388.9	-270.1	-270.1
16:30:45	412.6	425.1	389.3	-270.1	-270.1
16:30:46	412.6	425.1	389.6	-270.1	-270.1
16:30:47	412.7	425.2	390.1	-270.1	-270.1
16:30:48	412.7	425.2	390.4	-270.1	-270.1
16:30:49	412.7	425.2	390.8	-270.1	-270.1
16:30:50	412.7	425.2	391.1	-270.1	-270.1
16:30:51	412.6	425.1	391.3	-270.1	-270.1
16:30:52	412.6	425.1	391.6	-270.1	-270.1
16:30:53	412.6	425.1	391.9	-270.1	-270.1
16:30:54	412.6	425.2	392.3	-270.1	-270.1
16:30:55	412.7	425.2	392.6	-270.1	-270.1
16:30:56	412.7	425.2	393	-270.1	-270.1
16:30:57	412.7	425.2	393.3	-270.1	-270.1
16:30:58	412.7	425.3	393.6	-270.1	-270.1
16:30:59	412.7	425.2	393.8	-270.1	-270.1
16:31:00	412.7	425.2	394.1	-270.1	-270.1
16:31:01	412.7	425.3	394.5	-270.1	-270.1
16:31:02	412.7	425.3	394.7	-270.1	-270.1
16:31:03	412.7	425.3	395	-270.1	-270.1
16:31:04	412.7	425.3	395.3	-270.1	-270.1
16:31:05	412.7	425.3	395.6	-270.1	-270.1
16:31:06	412.7	425.3	395.8	-270.1	-270.1
16:31:07	412.7	425.3	396.1	-270.1	-270.1
16:31:08	412.7	425.3	396.3	-270.1	-270.1
16:31:09	412.7	425.3	396.6	-270.1	-270.1
16:31:10	412.7	425.3	396.8	-270.1	-270.1
16:31:11	412.7	425.3	397.1	-270.1	-270.1
16:31:12	412.7	425.3	397.3	-270.1	-270.1
16:31:13	412.7	425.3	397.5	-270.1	-270.1
16:31:14	412.7	425.3	397.7	-270.1	-270.1
16:31:15	412.7	425.3	397.9	-270.1	-270.1
16:31:16	412.7	425.3	398.1	-270.1	-270.1
16:31:17	412.7	425.3	398.2	-270.1	-270.1
16:31:18	412.7	425.3	398.4	-270.1	-270.1
16:31:19	412.7	425.3	398.6	-270.1	-270.1
16:31:20	412.7	425.3	398.8	-270.1	-270.1
16:31:21	412.7	425.3	399	-270.1	-270.1
16:31:22	412.7	425.3	399.2	-270.1	-270.1
16:31:23	412.7	425.3	399.4	-270.1	-270.1
16:31:24	412.7	425.3	399.6	-270.1	-270.1
16:31:25	412.7	425.3	399.6	-270.1	-270.1
16:31:26	412.7	425.3	399.7	-270.1	-270.1
16:31:27	412.7	425.3	399.9	-270.1	-270.1
16:31:28	412.7	425.3	400.1	-270.1	-270.1
16:31:29	412.7	425.2	400.3	-270.1	-270.1
16:31:30	412.7	425.3	400.5	-270.1	-270.1
16:31:31	412.7	425.2	400.6	-270.1	-270.1
16:31:32	412.7	425.3	400.8	-270.1	-270.1
16:31:33	412.7	425.3	400.9	-270.1	-270.1
16:31:34	412.7	425.2	401.1	-270.1	-270.1
16:31:35	412.7	425.3	401.2	-270.1	-270.1
16:31:36	412.8	425.3	401.4	-270.1	-270.1
16:31:37	412.7	425.3	401.6	-270.1	-270.1
16:31:38	412.7	425.3	401.8	-270.1	-270.1
16:31:39	412.7	425.3	401.9	-270.1	-270.1
16:31:40	412.8	425.3	402	-270.1	-270.1
16:31:41	412.8	425.3	402.2	-270.1	-270.1
16:31:42	412.7	425.3	402.4	-270.1	-270.1
16:31:43	412.7	425.3	402.5	-270.1	-270.1
16:31:44	412.8	425.3	402.6	-270.1	-270.1
16:31:45	412.8	425.3	402.8	-270.1	-270.1
16:31:46	412.7	425.3	403	-270.1	-270.1
16:31:47	412.7	425.3	403.1	-270.1	-270.1
16:31:48	412.7	425.3	403.2	-270.1	-270.1
16:31:49	412.7	425.3	403.3	-270.1	-270.1
16:31:50	412.8	425.3	403.4	-270.1	-270.1
16:31:51	412.8	425.4	403.5	-270.1	-270.1
16:31:52	412.8	425.4	403.6	-270.1	-270.1
16:31:53	412.7	425.3	403.6	-270.1	-270.1
16:31:54	412.7	425.3	403.7	-270.1	-270.1
16:31:55	412.7	425.3	403.7	-270.1	-270.1
16:31:56	412.7	425.4	403.9	-270.1	-270.1
16:31:57	412.7	425.4	404	-270.1	-270.1
16:31:58	412.7	425.4	404.1	-270.1	-270.1
16:31:59	412.7	425.4	404.2	-270.1	-270.1
16:32:00	412.7	425.4	404.3	-270.1	-270.1
16:32:01	412.7	425.4	404.5	-270.1	-270.1
16:32:02	412.7	425.4	404.6	-270.1	-270.1
16:32:03	412.7	425.5	404.7	-270.1	-270.1
16:32:04	412.7	425.5	404.8	-270.1	-270.1
16:32:05	412.6	425.4	404.8	-270.1	-270.1
16:32:06	412.6	425.4	404.9	-270.1	-270.1
16:32:07	412.6	425.5	405	-270.1	-270.1
16:32:08	412.6	425.5	405.1	-270.1	-270.1
16:32:09	412.6	425.5	405.2	-270.1	-270.1
16:32:10	412.6	425.5	405.3	-270.1	-270.1
16:32:11	412.6	425.5	405.4	-270.1	-270.1
16:32:12	412.6	425.5	405.5	-270.1	-270.1
16:32:13	412.7	425.5	405.6	-270.1	-270.1
16:32:14	412.7	425.5	405.7	-270.1	-270.1
16:32:15	412.7	425.5	405.8	-270.1	-270.1
16:32:16	412.7	425.5	405.9	-270.1	-270.1
16:32:17	412.7	425.5	406	-270.1	-270.1
16:32:18	412.7	425.5	406.1	-270.1	-270.1
16:32:19	412.7	425.5	406.2	-270.1	-270.1
16:32:20	412.7	425.6	406.3	-270.1	-270.1
16:32:21	412.7	425.6	406.4	-270.1	-270.1
16:32:22	412.7	425.6	406.5	-270.1	-270.1
16:32:23	412.7	425.6	406.6	-270.1	-270.1
16:32:24	412.7	425.6	406.6	-270.1	-270.1
16:32:25	412.8	425.6	406.6	-270.1	-270.1
16:32:26	412.8	425.6	406.7	-270.1	-270.1
16:32:27	412.8	425.6	406.7	-270.1	-270.1
16:32:28	412.8	425.6	406.8	-270.1	-270.1
16:32:29	412.8	425.6	406.9	-270.1	-270.1
16:32:30	412.8	425.6	407	-270.1	-270.1
16:32:31	412.8	425.6	407	-270.1	-270.1
16:32:32	412.8	425.6	407	-270.1	-270.1
16:32:33	412.8	425.6	407.1	-270.1	-270.1
16:32:34	412.8	425.6	407.2	-270.1	-270.1
16:32:35	412.8	425.6	407.2	-270.1	-270.1
16:32:36	412.8	425.6	407.3	-270.1	-270.1
16:32:37	412.8	425.6	407.3	-270.1	-270.1
16:32:38	412.8	425.6	407.4	-270.1	-270.1
16:32:39	412.8	425.6	407.4	-270.1	-270.1
16:32:40	412.8	425.6	407.5	-270.1	-270.1
16:32:41	412.8	425.6	407.6	-270.1	-270.1
16:32:42	412.8	425.6	407.6	-270.1	-270.1
16:32:43	412.8	425.6	407.7	-270.1	-270.1
16:32:44	412.8	425.6	407.8	-270.1	-270.1
16:32:45	412.8	425.6	407.8	-270.1	-270.1
16:32:46	412.8	425.6	407.9	-270.1	-270.1
16:32:47	412.8	425.6	407.9	-270.1	-270.1
16:32:48	412.8	425.6	408	-270.1	-270.1
16:32:49	412.8	425.6	408	-270.1	-270.1
16:32:50	412.8	425.6	408.1	-270.1	-270.1
16:32:51	412.8	425.6	408.2	-270.1	-270.1
16:32:52	412.8	425.6	408.2	-270.1	-270.1
16:32:53	412.8	425.6	408.3	-270.1	-270.1
16:32:54	412.8	425.6	408.3	-270.1	-270.1
16:32:55	412.8	425.6	408.4	-270.1	-270.1
16:32:56	412.8	425.6	408.4	-270.1	-270.1
16:32:57	412.7	425.6	408.4	-270.1	-270.1
16:32:58	412.8	425.6	408.5	-270.1	-270.1
16:32:59	412.7	425.6	408.5	-270.1	-270.1
16:33:00	412.7	425.6	408.6	-270.1	-270.1
16:33:01	412.7	425.6	408.6	-270.1	-270.1
16:33:02	412.7	425.7	408.7	-270.1	-270.1
16:33:03	412.8	425.7	408.8	-270.1	-270.1
16:33:04	412.8	425.7	408.8	-270.1	-270.1
16:33:05	412.8	425.7	408.9	-270.1	-270.1
16:33:06	412.8	425.7	408.9	-270.1	-270.1
16:33:07	412.8	425.7	409	-270.1	-270.1
16:33:08	412.8	425.7	409	-270.1	-270.1
16:33:09	412.8	425.7	409.1	-270.1	-270.1
16:33:10	412.8	425.7	409.1	-270.1	-270.1
16:33:11	412.8	425.7	409.2	-270.1	-270.1
16:33:12	412.8	425.7	409.3	-270.1	-270.1
16:33:13	412.8	425.7	409.3	-270.1	-270.1
16:33:14	412.8	425.7	409.4	-270.1	-270.1
16:33:15	412.8	425.7	409.4	-270.1	-270.1
16:33:16	412.8	425.8	409.4	-270.1	-270.1
16:33:17	412.9	425.8	409.5	-270.1	-270.1
16:33:18	412.9	425.8	409.6	-270.1	-270.1
16:33:19	412.8	425.8	409.6	-270.1	-270.1
16:33:20	412.8	425.8	409.6	-270.1	-270.1
16:33:21	412.8	425.8	409.6	-270.1	-270.1
16:33:22	412.8	425.8	409.7	-270.1	-270.1
16:33:23	412.8	425.8	409.7	-270.1	-270.1
16:33:24	412.8	425.8	409.7	-270.1	-270.1
16:33:25	412.8	425.8	409.7	-270.1	-270.1
16:33:26	412.8	425.8	409.7	-270.1	-270.1
16:33:27	412.8	425.9	409.8	-270.1	-270.1
16:33:28	412.8	425.9	409.9	-270.1	-270.1
16:33:29	412.8	425.8	409.9	-270.1	-270.1
16:33:30	412.8	425.8	409.9	-270.1	-270.1
16:33:31	412.8	425.8	410	-270.1	-270.1
16:33:32	412.8	425.8	410	-270.1	-270.1
16:33:33	412.8	425.8	410.1	-270.1	-270.1
16:33:34	412.8	425.8	410.1	-270.1	-270.1
16:33:35	412.8	425.8	410.2	-270.1	-270.1
16:33:36	412.8	425.8	410.2	-270.1	-270.1
16:33:37	412.8	425.8	410.3	-270.1	-270.1
16:33:38	412.8	425.8	410.3	-270.1	-270.1
16:33:39	412.8	425.8	410.3	-270.1	-270.1
16:33:40	412.8	425.8	410.3	-270.1	-270.1
16:33:41	412.8	425.8	410.4	-270.1	-270.1
16:33:42	412.8	425.8	410.4	-270.1	-270.1
16:33:43	412.8	425.8	410.4	-270.1	-270.1
16:33:44	412.8	425.8	410.4	-270.1	-270.1
16:33:45	412.8	425.8	410.5	-270.1	-270.1
16:33:46	412.8	425.8	410.5	-270.1	-270.1
16:33:47	412.8	425.8	410.6	-270.1	-270.1
16:33:48	412.8	425.8	410.6	-270.1	-270.1
16:33:49	412.8	425.8	410.6	-270.1	-270.1
16:33:50	412.9	425.8	410.7	-270.1	-270.1
16:33:51	412.9	425.8	410.7	-270.1	-270.1
16:33:52	412.9	425.8	410.7	-270.1	-270.1
16:33:53	412.9	425.8	410.8	-270.1	-270.1
16:33:54	412.9	425.8	410.8	-270.1	-270.1
16:33:55	412.9	425.8	410.8	-270.1	-270.1
16:33:56	412.9	425.8	410.8	-270.1	-270.1
16:33:57	412.9	425.8	410.9	-270.1	-270.1
16:33:58	412.9	425.8	410.9	-270.1	-270.1
16:33:59	412.9	425.8	410.9	-270.1	-270.1
16:34:00	412.9	425.8	410.9	-270.1	-270.1
16:34:01	412.9	425.8	411	-270.1	-270.1
16:34:02	412.9	425.8	411	-270.1	-270.1
16:34:03	412.9	425.8	411.1	-270.1	-270.1
16:34:04	412.9	425.8	411.1	-270.1	-270.1
16:34:05	412.9	425.8	411.2	-270.1	-270.1
16:34:06	412.9	425.8	411.2	-270.1	-270.1
16:34:07	412.9	425.8	411.2	-270.1	-270.1
16:34:08	412.9	425.8	411.3	-270.1	-270.1
16:34:09	412.9	425.8	411.3	-270.1	-270.1
16:34:10	412.9	425.8	411.4	-270.1	-270.1
16:34:11	413	425.9	411.5	-270.1	-270.1
16:34:12	413	425.9	411.5	-270.1	-270.1
16:34:13	412.9	425.8	411.5	-270.1	-270.1
16:34:14	412.9	425.8	411.5	-270.1	-270.1
16:34:15	412.9	425.8	411.6	-270.1	-270.1
16:34:16	412.9	425.8	411.6	-270.1	-270.1
16:34:17	413	425.8	411.6	-270.1	-270.1
16:34:18	413	425.9	411.6	-270.1	-270.1
16:34:19	413	425.9	411.5	-270.1	-270.1
16:34:20	413	425.9	411.5	-270.1	-270.1
16:34:21	413	425.9	411.5	-270.1	-270.1
16:34:22	413	425.9	411.5	-270.1	-270.1
16:34:23	413	425.9	411.5	-270.1	-270.1
16:34:24	413	425.9	411.6	-270.1	-270.1
16:34:25	413	425.9	411.6	-270.1	-270.1
16:34:26	413	425.9	411.7	-270.1	-270.1
16:34:27	413	425.9	411.7	-270.1	-270.1
16:34:28	413	425.9	411.8	-270.1	-270.1
16:34:29	413	425.9	411.8	-270.1	-270.1
16:34:30	413	425.9	411.8	-270.1	-270.1
16:34:31	413.1	426	411.8	-270.1	-270.1
16:34:32	413	426	411.9	-270.1	-270.1
16:34:33	413	426	411.9	-270.1	-270.1
16:34:34	413.1	426	411.9	-270.1	-270.1
16:34:35	413.1	426	412	-270.1	-270.1
16:34:36	413.1	426	412	-270.1	-270.1
16:34:37	413.1	426	412	-270.1	-270.1
16:34:38	413.1	426	412.1	-270.1	-270.1
16:34:39	413.1	426	412.1	-270.1	-270.1
16:34:40	413.1	426	412.1	-270.1	-270.1
16:34:41	413.1	426	412.2	-270.1	-270.1
16:34:42	413.1	426	412.1	-270.1	-270.1
16:34:43	413.1	426	412	-270.1	-270.1
16:34:44	413.1	426	412	-270.1	-270.1
16:34:45	413.1	426	412	-270.1	-270.1
16:34:46	413.1	426	412	-270.1	-270.1
16:34:47	413.1	426.1	412	-270.1	-270.1
16:34:48	413.1	426.1	412.1	-270.1	-270.1
16:34:49	413	426	412.1	-270.1	-270.1
16:34:50	413	426	412.1	-270.1	-270.1
16:34:51	413	426	412.2	-270.1	-270.1
16:34:52	413	426	412.2	-270.1	-270.1
16:34:53	413	426	412.2	-270.1	-270.1
16:34:54	413	426	412.2	-270.1	-270.1
16:34:55	413	426	412.2	-270.1	-270.1
16:34:56	413	426	412.1	-270.1	-270.1
16:34:57	413	426	412.2	-270.1	-270.1
16:34:58	413	426	412.2	-270.1	-270.1
16:34:59	413	426	412.2	-270.1	-270.1
16:35:00	413	426	412.2	-270.1	-270.1
16:35:01	413	426	412.2	-270.1	-270.1
16:35:02	413	426	412.2	-270.1	-270.1
16:35:03	413	426	412.2	-270.1	-270.1
16:35:04	412.9	426	412.2	-270.1	-270.1
16:35:05	412.9	426	412.3	-270.1	-270.1
16:35:06	412.9	426	412.3	-270.1	-270.1
16:35:07	412.9	426	412.3	-270.1	-270.1
16:35:08	412.9	426	412.3	-270.1	-270.1
16:35:09	412.9	426	412.3	-270.1	-270.1
16:35:10	412.9	426	412.4	-270.1	-270.1
16:35:11	412.9	426	412.3	-270.1	-270.1
16:35:12	412.9	426	412.3	-270.1	-270.1
16:35:13	412.9	425.9	412.3	-270.1	-270.1
16:35:14	412.9	425.9	412.3	-270.1	-270.1
16:35:15	412.9	425.9	412.4	-270.1	-270.1
16:35:16	413	425.9	412.4	-270.1	-270.1
16:35:17	413	425.9	412.4	-270.1	-270.1
16:35:18	413	425.9	412.5	-270.1	-270.1
16:35:19	413	425.9	412.5	-270.1	-270.1
16:35:20	413	425.9	412.5	-270.1	-270.1
16:35:21	413	425.9	412.6	-270.1	-270.1
16:35:22	413	425.9	412.6	-270.1	-270.1
16:35:23	413	425.9	412.6	-270.1	-270.1
16:35:24	413	425.9	412.6	-270.1	-270.1
16:35:25	413	425.9	412.6	-270.1	-270.1
16:35:26	413	425.9	412.6	-270.1	-270.1
16:35:27	413	425.9	412.6	-270.1	-270.1
16:35:28	413	425.9	412.6	-270.1	-270.1
16:35:29	413	425.9	412.6	-270.1	-270.1
16:35:30	413	425.9	412.7	-270.1	-270.1
16:35:31	413	425.9	412.7	-270.1	-270.1
16:35:32	413	425.9	412.7	-270.1	-270.1
16:35:33	413	425.9	412.8	-270.1	-270.1
16:35:34	413	425.9	412.8	-270.1	-270.1
16:35:35	413.1	426	412.9	-270.1	-270.1
16:35:36	413.1	426	412.9	-270.1	-270.1
16:35:37	413.1	426	412.9	-270.1	-270.1
16:35:38	413.1	426	413	-270.1	-270.1
16:35:39	413.1	426	413	-270.1	-270.1
16:35:40	413.1	426	413	-270.1	-270.1
16:35:41	413	426	413	-270.1	-270.1
16:35:42	413	426	413	-270.1	-270.1
16:35:43	413	426	413	-270.1	-270.1
16:35:44	413	426	413	-270.1	-270.1
16:35:45	413	426.1	413.1	-270.1	-270.1
16:35:46	413	426.1	413.1	-270.1	-270.1
16:35:47	413	426.1	413.1	-270.1	-270.1
16:35:48	413	426.1	413.1	-270.1	-270.1
16:35:49	413	426.1	413.1	-270.1	-270.1
16:35:50	413	426.1	413.1	-270.1	-270.1
16:35:51	413	426.1	413	-270.1	-270.1
16:35:52	413	426.1	413	-270.1	-270.1
16:35:53	413	426.1	413	-270.1	-270.1
16:35:54	413	426.1	413	-270.1	-270.1
16:35:55	413	426.1	413.1	-270.1	-270.1
16:35:56	412.9	426.1	413	-270.1	-270.1
16:35:57	413	426.2	413.1	-270.1	-270.1
16:35:58	413	426.2	413.1	-270.1	-270.1
16:35:59	413	426.2	413.1	-270.1	-270.1
16:36:00	413	426.2	413.1	-270.1	-270.1
16:36:01	413	426.2	413.2	-270.1	-270.1
16:36:02	412.9	426.2	413.2	-270.1	-270.1
16:36:03	413	426.2	413.2	-270.1	-270.1
16:36:04	413	426.2	413.2	-270.1	-270.1
16:36:05	413	426.2	413.2	-270.1	-270.1
16:36:06	413	426.2	413.2	-270.1	-270.1
16:36:07	413	426.2	413.2	-270.1	-270.1
16:36:08	413	426.2	413.2	-270.1	-270.1
16:36:09	413	426.2	413.3	-270.1	-270.1
16:36:10	413.1	426.2	413.3	-270.1	-270.1
16:36:11	413.1	426.3	413.3	-270.1	-270.1
16:36:12	413	426.3	413.3	-270.1	-270.1
16:36:13	413	426.2	413.2	-270.1	-270.1
16:36:14	413.1	426.2	413.1	-270.1	-270.1
16:36:15	413	426.2	413.1	-270.1	-270.1
16:36:16	413	426.2	413.2	-270.1	-270.1
16:36:17	413.1	426.2	413.2	-270.1	-270.1
16:36:18	413.1	426.2	413.2	-270.1	-270.1
16:36:19	413.1	426.3	413.3	-270.1	-270.1
16:36:20	413.1	426.3	413.3	-270.1	-270.1
16:36:21	413.1	426.2	413.3	-270.1	-270.1
16:36:22	413.1	426.2	413.3	-270.1	-270.1
16:36:23	413.1	426.2	413.4	-270.1	-270.1
16:36:24	413.1	426.2	413.4	-270.1	-270.1
16:36:25	413.2	426.2	413.4	-270.1	-270.1
16:36:26	413.2	426.2	413.4	-270.1	-270.1
16:36:27	413.1	426.2	413.4	-270.1	-270.1
16:36:28	413.1	426.2	413.4	-270.1	-270.1
16:36:29	413.2	426.2	413.5	-270.1	-270.1
16:36:30	413.2	426.2	413.5	-270.1	-270.1
16:36:31	413.2	426.2	413.6	-270.1	-270.1
16:36:32	413.2	426.2	413.6	-270.1	-270.1
16:36:33	413.3	426.2	413.6	-270.1	-270.1
16:36:34	413.3	426.2	413.7	-270.1	-270.1
16:36:35	413.2	426.1	413.6	-270.1	-270.1
16:36:36	413.2	426.1	413.7	-270.1	-270.1
16:36:37	413.2	426.1	413.7	-270.1	-270.1
16:36:38	413.2	426.1	413.7	-270.1	-270.1
16:36:39	413.2	426.1	413.8	-270.1	-270.1
16:36:40	413.2	426.1	413.8	-270.1	-270.1
16:36:41	413.3	426.1	413.9	-270.1	-270.1
16:36:42	413.3	426.1	413.9	-270.1	-270.1
16:36:43	413.3	426.1	413.9	-270.1	-270.1
16:36:44	413.3	426.1	413.9	-270.1	-270.1
16:36:45	413.3	426.1	413.9	-270.1	-270.1
16:36:46	413.3	426.1	414	-270.1	-270.1
16:36:47	413.3	426.1	413.9	-270.1	-270.1
16:36:48	413.3	426.1	414	-270.1	-270.1
16:36:49	413.3	426.1	414	-270.1	-270.1
16:36:50	413.3	426.1	414	-270.1	-270.1
16:36:51	413.3	426.1	414	-270.1	-270.1
16:36:52	413.3	426.1	414	-270.1	-270.1
16:36:53	413.3	426.1	414	-270.1	-270.1
16:36:54	413.3	426.1	414	-270.1	-270.1
16:36:55	413.3	426.1	414	-270.1	-270.1
16:36:56	413.3	426.1	414	-270.1	-270.1
16:36:57	413.3	426.1	414	-270.1	-270.1
16:36:58	413.3	426.1	414	-270.1	-270.1
16:36:59	413.3	426.1	414.1	-270.1	-270.1
16:37:00	413.3	426.1	414.1	-270.1	-270.1
16:37:01	413.3	426.1	414.1	-270.1	-270.1
16:37:02	413.3	426.1	414.1	-270.1	-270.1
16:37:03	413.3	426.1	414.1	-270.1	-270.1
16:37:04	413.3	426.1	414.1	-270.1	-270.1
16:37:05	413.3	426.1	414.2	-270.1	-270.1
16:37:06	413.3	426.2	414.2	-270.1	-270.1
16:37:07	413.3	426.2	414.2	-270.1	-270.1
16:37:08	413.3	426.2	414.2	-270.1	-270.1
16:37:09	413.3	426.2	414.2	-270.1	-270.1
16:37:10	413.3	426.2	414.1	-270.1	-270.1
16:37:11	413.3	426.2	414.1	-270.1	-270.1
16:37:12	413.3	426.2	414.1	-270.1	-270.1
16:37:13	413.3	426.2	414.1	-270.1	-270.1
16:37:14	413.3	426.2	414.1	-270.1	-270.1
16:37:15	413.3	426.2	414.1	-270.1	-270.1
16:37:16	413.3	426.2	414.1	-270.1	-270.1
16:37:17	413.3	426.2	414.1	-270.1	-270.1
16:37:18	413.3	426.3	414	-270.1	-270.1
16:37:19	413.3	426.3	414	-270.1	-270.1
16:37:20	413.3	426.3	414	-270.1	-270.1
16:37:21	413.3	426.3	413.9	-270.1	-270.1
16:37:22	413.3	426.3	414	-270.1	-270.1
16:37:23	413.3	426.3	414	-270.1	-270.1
16:37:24	413.3	426.3	414	-270.1	-270.1
16:37:25	413.3	426.3	414.1	-270.1	-270.1
16:37:26	413.3	426.3	414.1	-270.1	-270.1
16:37:27	413.3	426.4	414.2	-270.1	-270.1
16:37:28	413.3	426.4	414.2	-270.1	-270.1
16:37:29	413.3	426.3	414.2	-270.1	-270.1
16:37:30	413.3	426.3	414.2	-270.1	-270.1
16:37:31	413.3	426.3	414.2	-270.1	-270.1
16:37:32	413.3	426.4	414.3	-270.1	-270.1
16:37:33	413.3	426.4	414.3	-270.1	-270.1
16:37:34	413.3	426.4	414.3	-270.1	-270.1
16:37:35	413.3	426.4	414.3	-270.1	-270.1
16:37:36	413.2	426.4	414.3	-270.1	-270.1
16:37:37	413.2	426.3	414.3	-270.1	-270.1
16:37:38	413.2	426.3	414.4	-270.1	-270.1
16:37:39	413.2	426.3	414.4	-270.1	-270.1
16:37:40	413.2	426.3	414.4	-270.1	-270.1
16:37:41	413.2	426.3	414.4	-270.1	-270.1
16:37:42	413.2	426.3	414.4	-270.1	-270.1
16:37:43	413.2	426.3	414.4	-270.1	-270.1
16:37:44	413.2	426.3	414.3	-270.1	-270.1
16:37:45	413.2	426.3	414.3	-270.1	-270.1
16:37:46	413.2	426.3	414.3	-270.1	-270.1
16:37:47	413.2	426.3	414.3	-270.1	-270.1
16:37:48	413.2	426.3	414.3	-270.1	-270.1
16:37:49	413.3	426.3	414.3	-270.1	-270.1
16:37:50	413.3	426.4	414.3	-270.1	-270.1
16:37:51	413.2	426.3	414.3	-270.1	-270.1
16:37:52	413.2	426.3	414.3	-270.1	-270.1
16:37:53	413.3	426.3	414.3	-270.1	-270.1
16:37:54	413.3	426.3	414.4	-270.1	-270.1
16:37:55	413.2	426.3	414.4	-270.1	-270.1
16:37:56	413.2	426.2	414.4	-270.1	-270.1
16:37:57	413.2	426.2	414.4	-270.1	-270.1
16:37:58	413.2	426.2	414.4	-270.1	-270.1
16:37:59	413.2	426.2	414.4	-270.1	-270.1
16:38:00	413.3	426.2	414.4	-270.1	-270.1
16:38:01	413.3	426.2	414.4	-270.1	-270.1
16:38:02	413.3	426.3	414.5	-270.1	-270.1
16:38:03	413.3	426.3	414.5	-270.1	-270.1
16:38:04	413.3	426.2	414.3	-270.1	-270.1
16:38:05	413.3	426.2	414.3	-270.1	-270.1
16:38:06	413.3	426.2	414.2	-270.1	-270.1
16:38:07	413.3	426.2	414.2	-270.1	-270.1
16:38:08	413.3	426.2	414.2	-270.1	-270.1
16:38:09	413.3	426.2	414.3	-270.1	-270.1
16:38:10	413.3	426.2	414.3	-270.1	-270.1
16:38:11	413.4	426.2	414.3	-270.1	-270.1
16:38:12	413.4	426.2	414.4	-270.1	-270.1
16:38:13	413.4	426.2	414.4	-270.1	-270.1
16:38:14	413.4	426.2	414.4	-270.1	-270.1
16:38:15	413.4	426.2	414.4	-270.1	-270.1
16:38:16	413.4	426.3	414.5	-270.1	-270.1
16:38:17	413.4	426.3	414.5	-270.1	-270.1
16:38:18	413.4	426.3	414.5	-270.1	-270.1
16:38:19	413.4	426.3	414.4	-270.1	-270.1
16:38:20	413.4	426.3	414.4	-270.1	-270.1
16:38:21	413.4	426.3	414.5	-270.1	-270.1
16:38:22	413.4	426.3	414.5	-270.1	-270.1
16:38:23	413.4	426.3	414.5	-270.1	-270.1
16:38:24	413.4	426.3	414.5	-270.1	-270.1
16:38:25	413.4	426.4	414.6	-270.1	-270.1
16:38:26	413.4	426.4	414.6	-270.1	-270.1
16:38:27	413.4	426.4	414.6	-270.1	-270.1
16:38:28	413.4	426.4	414.6	-270.1	-270.1
16:38:29	413.4	426.4	414.6	-270.1	-270.1
16:38:30	413.5	426.4	414.6	-270.1	-270.1
16:38:31	413.5	426.4	414.6	-270.1	-270.1
16:38:32	413.5	426.4	414.6	-270.1	-270.1
16:38:33	413.5	426.4	414.7	-270.1	-270.1
16:38:34	413.5	426.4	414.7	-270.1	-270.1
16:38:35	413.5	426.5	414.6	-270.1	-270.1
16:38:36	413.5	426.5	414.7	-270.1	-270.1
16:38:37	413.5	426.5	414.7	-270.1	-270.1
16:38:38	413.5	426.5	414.7	-270.1	-270.1
16:38:39	413.5	426.5	414.7	-270.1	-270.1
16:38:40	413.5	426.5	414.7	-270.1	-270.1
16:38:41	413.5	426.5	414.7	-270.1	-270.1
16:38:42	413.5	426.5	414.7	-270.1	-270.1
16:38:43	413.5	426.5	414.7	-270.1	-270.1
16:38:44	413.5	426.5	414.7	-270.1	-270.1
16:38:45	413.5	426.5	414.7	-270.1	-270.1
16:38:46	413.5	426.5	414.7	-270.1	-270.1
16:38:47	413.5	426.5	414.7	-270.1	-270.1
16:38:48	413.5	426.5	414.7	-270.1	-270.1
16:38:49	413.5	426.5	414.8	-270.1	-270.1
16:38:50	413.5	426.5	414.8	-270.1	-270.1
16:38:51	413.5	426.5	414.8	-270.1	-270.1
16:38:52	413.5	426.5	414.8	-270.1	-270.1
16:38:53	413.5	426.5	414.8	-270.1	-270.1
16:38:54	413.5	426.5	414.8	-270.1	-270.1
16:38:55	413.5	426.5	414.9	-270.1	-270.1
16:38:56	413.5	426.5	414.9	-270.1	-270.1
16:38:57	413.5	426.5	414.9	-270.1	-270.1
16:38:58	413.5	426.5	414.9	-270.1	-270.1
16:38:59	413.5	426.5	414.9	-270.1	-270.1
16:39:00	413.5	426.5	415	-270.1	-270.1
16:39:01	413.5	426.5	415	-270.1	-270.1
16:39:02	413.5	426.5	415	-270.1	-270.1
16:39:03	413.5	426.5	415	-270.1	-270.1
16:39:04	413.5	426.5	415	-270.1	-270.1
16:39:05	413.5	426.5	415	-270.1	-270.1
16:39:06	413.5	426.5	415	-270.1	-270.1
16:39:07	413.5	426.5	415	-270.1	-270.1
16:39:08	413.5	426.5	415	-270.1	-270.1
16:39:09	413.5	426.5	415	-270.1	-270.1
16:39:10	413.5	426.5	414.9	-270.1	-270.1
16:39:11	413.5	426.4	414.9	-270.1	-270.1
16:39:12	413.5	426.4	414.9	-270.1	-270.1
16:39:13	413.5	426.4	414.9	-270.1	-270.1
16:39:14	413.5	426.4	415	-270.1	-270.1
16:39:15	413.4	426.4	415	-270.1	-270.1
16:39:16	413.4	426.4	415	-270.1	-270.1
16:39:17	413.5	426.4	415	-270.1	-270.1
16:39:18	413.5	426.5	415	-270.1	-270.1
16:39:19	413.5	426.5	415.1	-270.1	-270.1
16:39:20	413.5	426.4	415.1	-270.1	-270.1
16:39:21	413.5	426.4	415.1	-270.1	-270.1
16:39:22	413.5	426.4	415.1	-270.1	-270.1
16:39:23	413.4	426.4	415.1	-270.1	-270.1
16:39:24	413.4	426.4	415.1	-270.1	-270.1
16:39:25	413.4	426.5	415	-270.1	-270.1
16:39:26	413.4	426.4	415	-270.1	-270.1
16:39:27	413.4	426.5	415	-270.1	-270.1
16:39:28	413.3	426.4	414.9	-270.1	-270.1
16:39:29	413.3	426.4	414.9	-270.1	-270.1
16:39:30	413.3	426.4	415	-270.1	-270.1
16:39:31	413.3	426.4	415	-270.1	-270.1
16:39:32	413.4	426.5	415	-270.1	-270.1
16:39:33	413.4	426.5	415	-270.1	-270.1
16:39:34	413.4	426.5	415	-270.1	-270.1
16:39:35	413.4	426.5	415	-270.1	-270.1
16:39:36	413.4	426.5	415.1	-270.1	-270.1
16:39:37	413.4	426.5	415.1	-270.1	-270.1
16:39:38	413.4	426.5	415.1	-270.1	-270.1
16:39:39	413.4	426.5	415.2	-270.1	-270.1
16:39:40	413.4	426.5	415.2	-270.1	-270.1
16:39:41	413.4	426.5	415.2	-270.1	-270.1
16:39:42	413.4	426.6	415.2	-270.1	-270.1
16:39:43	413.4	426.6	415.2	-270.1	-270.1
16:39:44	413.4	426.6	415.2	-270.1	-270.1
16:39:45	413.4	426.6	415.3	-270.1	-270.1
16:39:46	413.4	426.6	415.3	-270.1	-270.1
16:39:47	413.5	426.6	415.3	-270.1	-270.1
16:39:48	413.5	426.6	415.3	-270.1	-270.1
16:39:49	413.5	426.6	415.3	-270.1	-270.1
16:39:50	413.5	426.6	415.3	-270.1	-270.1
16:39:51	413.4	426.6	415.2	-270.1	-270.1
16:39:52	413.4	426.6	415.2	-270.1	-270.1
16:39:53	413.5	426.7	415.3	-270.1	-270.1
16:39:54	413.5	426.7	415.3	-270.1	-270.1
16:39:55	413.5	426.7	415.3	-270.1	-270.1
16:39:56	413.5	426.7	415.3	-270.1	-270.1
16:39:57	413.5	426.7	415.3	-270.1	-270.1
16:39:58	413.5	426.7	415.3	-270.1	-270.1
16:39:59	413.5	426.7	415.4	-270.1	-270.1
16:40:00	413.6	426.7	415.4	-270.1	-270.1
16:40:01	413.6	426.7	415.4	-270.1	-270.1
16:40:02	413.6	426.7	415.4	-270.1	-270.1
16:40:03	413.6	426.7	415.5	-270.1	-270.1
16:40:04	413.6	426.7	415.5	-270.1	-270.1
16:40:05	413.6	426.8	415.5	-270.1	-270.1
16:40:06	413.6	426.8	415.5	-270.1	-270.1
16:40:07	413.6	426.8	415.6	-270.1	-270.1
16:40:08	413.6	426.8	415.6	-270.1	-270.1
16:40:09	413.6	426.8	415.6	-270.1	-270.1
16:40:10	413.6	426.8	415.6	-270.1	-270.1
16:40:11	413.6	426.8	415.7	-270.1	-270.1
16:40:12	413.6	426.8	415.7	-270.1	-270.1
16:40:13	413.6	426.8	415.6	-270.1	-270.1
16:40:14	413.6	426.8	415.6	-270.1	-270.1
16:40:15	413.6	426.8	415.6	-270.1	-270.1
16:40:16	413.6	426.8	415.6	-270.1	-270.1
16:40:17	413.6	426.7	415.6	-270.1	-270.1
16:40:18	413.6	426.8	415.6	-270.1	-270.1
16:40:19	413.6	426.7	415.6	-270.1	-270.1
16:40:20	413.6	426.7	415.6	-270.1	-270.1
16:40:21	413.6	426.7	415.6	-270.1	-270.1
16:40:22	413.6	426.7	415.7	-270.1	-270.1
16:40:23	413.6	426.7	415.7	-270.1	-270.1
16:40:24	413.6	426.7	415.7	-270.1	-270.1
16:40:25	413.6	426.7	415.7	-270.1	-270.1
16:40:26	413.6	426.7	415.7	-270.1	-270.1
16:40:27	413.6	426.7	415.7	-270.1	-270.1
16:40:28	413.6	426.7	415.8	-270.1	-270.1
16:40:29	413.6	426.7	415.8	-270.1	-270.1
16:40:30	413.6	426.7	415.8	-270.1	-270.1
16:40:31	413.6	426.7	415.8	-270.1	-270.1
16:40:32	413.6	426.7	415.8	-270.1	-270.1
16:40:33	413.6	426.6	415.8	-270.1	-270.1
16:40:34	413.6	426.6	415.8	-270.1	-270.1
16:40:35	413.6	426.6	415.8	-270.1	-270.1
16:40:36	413.6	426.6	415.8	-270.1	-270.1
16:40:37	413.6	426.6	415.8	-270.1	-270.1
16:40:38	413.6	426.6	415.7	-270.1	-270.1
16:40:39	413.6	426.6	415.8	-270.1	-270.1
16:40:40	413.6	426.6	415.8	-270.1	-270.1
16:40:41	413.6	426.6	415.8	-270.1	-270.1
16:40:42	413.6	426.6	415.8	-270.1	-270.1
16:40:43	413.6	426.6	415.8	-270.1	-270.1
16:40:44	413.6	426.6	415.8	-270.1	-270.1
16:40:45	413.6	426.6	415.7	-270.1	-270.1
16:40:46	413.6	426.6	415.6	-270.1	-270.1
16:40:47	413.6	426.6	415.6	-270.1	-270.1
16:40:48	413.6	426.6	415.6	-270.1	-270.1
16:40:49	413.6	426.6	415.6	-270.1	-270.1
16:40:50	413.6	426.6	415.6	-270.1	-270.1
16:40:51	413.6	426.6	415.6	-270.1	-270.1
16:40:52	413.6	426.6	415.6	-270.1	-270.1
16:40:53	413.6	426.6	415.6	-270.1	-270.1
16:40:54	413.6	426.6	415.6	-270.1	-270.1
16:40:55	413.6	426.6	415.6	-270.1	-270.1
16:40:56	413.6	426.6	415.7	-270.1	-270.1
16:40:57	413.6	426.6	415.7	-270.1	-270.1
16:40:58	413.5	426.6	415.7	-270.1	-270.1
16:40:59	413.5	426.6	415.7	-270.1	-270.1
16:41:00	413.5	426.6	415.7	-270.1	-270.1
16:41:01	413.5	426.7	415.7	-270.1	-270.1
16:41:02	413.5	426.7	415.8	-270.1	-270.1
16:41:03	413.5	426.7	415.8	-270.1	-270.1
16:41:04	413.5	426.7	415.8	-270.1	-270.1
16:41:05	413.5	426.7	415.8	-270.1	-270.1
16:41:06	413.5	426.7	415.7	-270.1	-270.1
16:41:07	413.6	426.7	415.7	-270.1	-270.1
16:41:08	413.6	426.7	415.7	-270.1	-270.1
16:41:09	413.6	426.8	415.7	-270.1	-270.1
16:41:10	413.6	426.8	415.7	-270.1	-270.1
16:41:11	413.5	426.7	415.7	-270.1	-270.1
16:41:12	413.6	426.8	415.7	-270.1	-270.1
16:41:13	413.6	426.8	415.8	-270.1	-270.1
16:41:14	413.6	426.8	415.8	-270.1	-270.1
16:41:15	413.6	426.8	415.8	-270.1	-270.1
16:41:16	413.6	426.8	415.8	-270.1	-270.1
16:41:17	413.6	426.9	415.9	-270.1	-270.1
16:41:18	413.6	426.9	415.9	-270.1	-270.1
16:41:19	413.6	426.9	415.9	-270.1	-270.1
16:41:20	413.6	426.9	415.9	-270.1	-270.1
16:41:21	413.6	426.8	415.9	-270.1	-270.1
16:41:22	413.6	426.8	415.9	-270.1	-270.1
16:41:23	413.6	426.8	415.9	-270.1	-270.1
16:41:24	413.6	426.8	415.9	-270.1	-270.1
16:41:25	413.6	426.8	415.9	-270.1	-270.1
16:41:26	413.6	426.8	415.9	-270.1	-270.1
16:41:27	413.6	426.8	415.9	-270.1	-270.1
16:41:28	413.6	426.8	415.9	-270.1	-270.1
16:41:29	413.6	426.8	415.9	-270.1	-270.1
16:41:30	413.6	426.8	416	-270.1	-270.1
16:41:31	413.6	426.8	416	-270.1	-270.1
16:41:32	413.6	426.8	416	-270.1	-270.1
16:41:33	413.6	426.8	416	-270.1	-270.1
16:41:34	413.6	426.8	416	-270.1	-270.1
16:41:35	413.6	426.8	416	-270.1	-270.1
16:41:36	413.6	426.8	416	-270.1	-270.1
16:41:37	413.6	426.8	416	-270.1	-270.1
16:41:38	413.6	426.8	416	-270.1	-270.1
16:41:39	413.6	426.8	416	-270.1	-270.1
16:41:40	413.6	426.8	416	-270.1	-270.1
16:41:41	413.7	426.9	416.1	-270.1	-270.1
16:41:42	413.7	426.9	416.1	-270.1	-270.1
16:41:43	413.6	426.8	416	-270.1	-270.1
16:41:44	413.6	426.8	416	-270.1	-270.1
16:41:45	413.7	426.8	416	-270.1	-270.1
16:41:46	413.7	426.8	416	-270.1	-270.1
16:41:47	413.7	426.8	416	-270.1	-270.1
16:41:48	413.7	426.8	416	-270.1	-270.1
16:41:49	413.7	426.8	416.1	-270.1	-270.1
16:41:50	413.7	426.8	416.1	-270.1	-270.1
16:41:51	413.7	426.8	416.1	-270.1	-270.1
16:41:52	413.7	426.8	416.1	-270.1	-270.1
16:41:53	413.7	426.7	416.1	-270.1	-270.1
16:41:54	413.7	426.7	416.1	-270.1	-270.1
16:41:55	413.8	426.8	416.2	-270.1	-270.1
16:41:56	413.8	426.8	416.2	-270.1	-270.1
16:41:57	413.7	426.7	416.1	-270.1	-270.1
16:41:58	413.7	426.7	416.2	-270.1	-270.1
16:41:59	413.7	426.7	416.2	-270.1	-270.1
16:42:00	413.7	426.8	416.2	-270.1	-270.1
16:42:01	413.7	426.7	416.2	-270.1	-270.1
16:42:02	413.7	426.7	416.2	-270.1	-270.1
16:42:03	413.8	426.8	416.2	-270.1	-270.1
16:42:04	413.8	426.8	416.3	-270.1	-270.1
16:42:05	413.7	426.8	416.2	-270.1	-270.1
16:42:06	413.7	426.8	416.2	-270.1	-270.1
16:42:07	413.7	426.8	416.1	-270.1	-270.1
16:42:08	413.7	426.8	416.2	-270.1	-270.1
16:42:09	413.7	426.8	416.2	-270.1	-270.1
16:42:10	413.7	426.8	416.2	-270.1	-270.1
16:42:11	413.7	426.8	416.2	-270.1	-270.1
16:42:12	413.7	426.8	416.2	-270.1	-270.1
16:42:13	413.7	426.8	416.2	-270.1	-270.1
16:42:14	413.7	426.8	416.2	-270.1	-270.1
16:42:15	413.8	426.8	416.2	-270.1	-270.1
16:42:16	413.8	426.9	416.2	-270.1	-270.1
16:42:17	413.7	426.9	416.2	-270.1	-270.1
16:42:18	413.7	426.8	416.2	-270.1	-270.1
16:42:19	413.7	426.8	416.2	-270.1	-270.1
16:42:20	413.7	426.8	416.2	-270.1	-270.1
16:42:21	413.7	426.8	416.2	-270.1	-270.1
16:42:22	413.7	426.8	416.2	-270.1	-270.1
16:42:23	413.7	426.8	416.2	-270.1	-270.1
16:42:24	413.7	426.8	416.2	-270.1	-270.1
16:42:25	413.7	426.8	416.2	-270.1	-270.1
16:42:26	413.7	426.8	416.2	-270.1	-270.1
16:42:27	413.7	426.8	416.2	-270.1	-270.1
16:42:28	413.7	426.8	416.2	-270.1	-270.1
16:42:29	413.7	426.8	416.3	-270.1	-270.1
16:42:30	413.7	426.8	416.3	-270.1	-270.1
16:42:31	413.7	426.8	416.3	-270.1	-270.1
16:42:32	413.7	426.8	416.2	-270.1	-270.1
16:42:33	413.7	426.8	416.2	-270.1	-270.1
16:42:34	413.7	426.8	416.2	-270.1	-270.1
16:42:35	413.7	426.8	416.1	-270.1	-270.1
16:42:36	413.7	426.8	416.1	-270.1	-270.1
16:42:37	413.7	426.8	416.1	-270.1	-270.1
16:42:38	413.7	426.8	416.1	-270.1	-270.1
16:42:39	413.7	426.8	416.1	-270.1	-270.1
16:42:40	413.7	426.8	416.1	-270.1	-270.1
16:42:41	413.7	426.8	416.1	-270.1	-270.1
16:42:42	413.7	426.8	416.1	-270.1	-270.1
16:42:43	413.7	426.8	416.1	-270.1	-270.1
16:42:44	413.7	426.8	416.1	-270.1	-270.1
16:42:45	413.7	426.8	416	-270.1	-270.1
16:42:46	413.7	426.8	416	-270.1	-270.1
16:42:47	413.7	426.8	416	-270.1	-270.1
16:42:48	413.7	426.8	416.1	-270.1	-270.1
16:42:49	413.6	426.8	416.1	-270.1	-270.1
16:42:50	413.7	426.8	416.1	-270.1	-270.1
16:42:51	413.7	426.9	416.1	-270.1	-270.1
16:42:52	413.7	426.9	416.1	-270.1	-270.1
16:42:53	413.7	426.9	416.1	-270.1	-270.1
16:42:54	413.7	426.9	416.1	-270.1	-270.1
16:42:55	413.7	426.8	416	-270.1	-270.1
16:42:56	413.7	426.8	416	-270.1	-270.1
16:42:57	413.7	426.8	416	-270.1	-270.1
16:42:58	413.7	426.8	416	-270.1	-270.1
16:42:59	413.7	426.8	416	-270.1	-270.1
16:43:00	413.7	426.8	416	-270.1	-270.1
16:43:01	413.8	426.9	416.1	-270.1	-270.1
16:43:02	413.8	426.9	416.1	-270.1	-270.1
16:43:03	413.7	426.9	416	-270.1	-270.1
16:43:04	413.7	426.9	416.1	-270.1	-270.1
16:43:05	413.7	426.9	416.1	-270.1	-270.1
16:43:06	413.7	426.9	416.1	-270.1	-270.1
16:43:07	413.7	426.9	416.1	-270.1	-270.1
16:43:08	413.7	426.9	416.1	-270.1	-270.1
16:43:09	413.7	426.9	416.1	-270.1	-270.1
16:43:10	413.7	426.9	416.2	-270.1	-270.1
16:43:11	413.7	426.9	416.2	-270.1	-270.1
16:43:12	413.6	426.9	416.1	-270.1	-270.1
16:43:13	413.6	426.9	416.1	-270.1	-270.1
16:43:14	413.6	426.9	416.1	-270.1	-270.1
16:43:15	413.6	426.9	416.1	-270.1	-270.1
16:43:16	413.6	426.9	416.1	-270.1	-270.1
16:43:17	413.7	427	416.2	-270.1	-270.1
16:43:18	413.7	427	416.2	-270.1	-270.1
16:43:19	413.7	427	416.2	-270.1	-270.1
16:43:20	413.7	427	416.3	-270.1	-270.1
16:43:21	413.7	427	416.3	-270.1	-270.1
16:43:22	413.7	426.9	416.3	-270.1	-270.1
16:43:23	413.7	426.9	416.3	-270.1	-270.1
16:43:24	413.7	426.9	416.3	-270.1	-270.1
16:43:25	413.7	426.9	416.3	-270.1	-270.1
16:43:26	413.7	426.9	416.3	-270.1	-270.1
16:43:27	413.7	426.9	416.3	-270.1	-270.1
16:43:28	413.7	426.9	416.3	-270.1	-270.1
16:43:29	413.7	426.9	416.3	-270.1	-270.1
16:43:30	413.7	427	416.4	-270.1	-270.1
16:43:31	413.7	427	416.4	-270.1	-270.1
16:43:32	413.7	427	416.4	-270.1	-270.1
16:43:33	413.7	427	416.4	-270.1	-270.1
16:43:34	413.7	427	416.3	-270.1	-270.1
16:43:35	413.7	427	416.3	-270.1	-270.1
16:43:36	413.8	427	416.4	-270.1	-270.1
16:43:37	413.7	426.9	416.3	-270.1	-270.1
16:43:38	413.7	426.9	416.3	-270.1	-270.1
16:43:39	413.8	427	416.4	-270.1	-270.1
16:43:40	413.8	427	416.4	-270.1	-270.1
16:43:41	413.8	427	416.4	-270.1	-270.1
16:43:42	413.8	427	416.3	-270.1	-270.1
16:43:43	413.8	426.9	416.3	-270.1	-270.1
16:43:44	413.8	426.9	416.3	-270.1	-270.1
16:43:45	413.8	426.9	416.4	-270.1	-270.1
16:43:46	413.8	426.9	416.4	-270.1	-270.1
16:43:47	413.8	426.9	416.4	-270.1	-270.1
16:43:48	413.8	426.9	416.4	-270.1	-270.1
16:43:49	413.7	426.9	416.3	-270.1	-270.1
16:43:50	413.7	426.9	416.3	-270.1	-270.1
16:43:51	413.7	426.9	416.3	-270.1	-270.1
16:43:52	413.8	426.8	416.3	-270.1	-270.1
16:43:53	413.8	426.8	416.3	-270.1	-270.1
16:43:54	413.8	426.8	416.4	-270.1	-270.1
16:43:55	413.8	426.8	416.4	-270.1	-270.1
16:43:56	413.8	426.8	416.4	-270.1	-270.1
16:43:57	413.8	426.8	416.4	-270.1	-270.1
16:43:58	413.7	426.8	416.3	-270.1	-270.1
16:43:59	413.8	426.9	416.4	-270.1	-270.1
16:44:00	413.8	426.9	416.3	-270.1	-270.1
16:44:01	413.7	426.8	416.2	-270.1	-270.1
16:44:02	413.7	426.8	416.2	-270.1	-270.1
16:44:03	413.7	426.8	416.2	-270.1	-270.1
16:44:04	413.7	426.8	416.2	-270.1	-270.1
16:44:05	413.8	426.9	416.3	-270.1	-270.1
16:44:06	413.8	426.9	416.3	-270.1	-270.1
16:44:07	413.7	426.9	416.3	-270.1	-270.1
16:44:08	413.7	426.8	416.3	-270.1	-270.1
16:44:09	413.7	426.9	416.3	-270.1	-270.1
16:44:10	413.7	426.9	416.3	-270.1	-270.1
16:44:11	413.8	426.9	416.4	-270.1	-270.1
16:44:12	413.8	426.9	416.4	-270.1	-270.1
16:44:13	413.8	426.9	416.4	-270.1	-270.1
16:44:14	413.8	427	416.4	-270.1	-270.1
16:44:15	413.8	427	416.4	-270.1	-270.1
16:44:16	413.8	427	416.4	-270.1	-270.1
16:44:17	413.8	427	416.5	-270.1	-270.1
16:44:18	413.8	427	416.5	-270.1	-270.1
16:44:19	413.7	426.9	416.5	-270.1	-270.1
16:44:20	413.7	426.9	416.4	-270.1	-270.1
统计于2017年08月08日16时44分23秒					
