温度历史数据					
时间	温度0	温度1	温度2	温度3	温度4
16:51:21	414.1	427.1	156.6	-270.1	-270.1
16:51:22	414.1	427.1	155.7	-270.1	-270.1
16:51:23	414	427.1	154.8	-270.1	-270.1
16:51:24	414	427.1	153.9	-270.1	-270.1
16:51:25	414	427.1	153	-270.1	-270.1
16:51:26	414	427.2	152.1	-270.1	-270.1
16:51:27	414	427.2	151.2	-270.1	-270.1
16:51:28	414	427.2	150.3	-270.1	-270.1
16:51:29	414	427.2	149.5	-270.1	-270.1
16:51:30	414	427.2	148.6	-270.1	-270.1
16:51:31	414	427.2	147.7	-270.1	-270.1
16:51:32	414	427.2	146.8	-270.1	-270.1
16:51:33	414	427.2	146	-270.1	-270.1
16:51:34	414	427.2	145	-270.1	-270.1
16:51:35	414	427.2	143.8	-270.1	-270.1
16:51:36	414	427.2	142.4	-270.1	-270.1
16:51:37	414	427.2	140.8	-270.1	-270.1
16:51:38	414	427.2	139.1	-270.1	-270.1
16:51:39	414	427.2	137.4	-270.1	-270.1
16:51:40	414	427.2	135.7	-270.1	-270.1
16:51:41	414	427.2	134.1	-270.1	-270.1
16:51:42	413.9	427.2	132.6	-270.1	-270.1
16:51:43	413.9	427.2	131.1	-270.1	-270.1
16:51:44	413.9	427.2	129.6	-270.1	-270.1
16:51:45	413.9	427.2	128.2	-270.1	-270.1
16:51:46	413.9	427.2	126.8	-270.1	-270.1
16:51:47	413.9	427.2	125.5	-270.1	-270.1
16:51:48	413.9	427.2	124.2	-270.1	-270.1
16:51:49	413.9	427.2	122.7	-270.1	-270.1
16:51:50	413.9	427.2	121.5	-270.1	-270.1
16:51:51	414	427.2	120.5	-270.1	-270.1
16:51:52	414	427.2	119.6	-270.1	-270.1
16:51:53	414	427.2	118.9	-270.1	-270.1
16:51:54	414	427.2	118.4	-270.1	-270.1
16:51:55	414	427.1	117.8	-270.1	-270.1
16:51:56	414	427.2	117.4	-270.1	-270.1
16:51:57	414.1	427.2	116.9	-270.1	-270.1
16:51:58	414	427.1	116.4	-270.1	-270.1
16:51:59	414	427.1	115.9	-270.1	-270.1
16:52:00	414	427.1	115.4	-270.1	-270.1
16:52:01	414	427.1	115.4	-270.1	-270.1
16:52:02	414	427.1	114.9	-270.1	-270.1
16:52:03	414	427.1	114.4	-270.1	-270.1
16:52:04	414	427.1	113.9	-270.1	-270.1
16:52:05	414	427.1	113.5	-270.1	-270.1
16:52:06	414	427	113.1	-270.1	-270.1
16:52:07	414	427	112.7	-270.1	-270.1
16:52:08	414.1	427.1	112.3	-270.1	-270.1
16:52:09	414.1	427.1	112	-270.1	-270.1
16:52:10	414	427	111.6	-270.1	-270.1
16:52:11	414	427	111.1	-270.1	-270.1
16:52:12	414.1	427.1	110.5	-270.1	-270.1
16:52:13	414.1	427.1	110	-270.1	-270.1
16:52:14	414	427.1	109.9	-270.1	-270.1
16:52:15	414	427	109.9	-270.1	-270.1
16:52:16	414	427	110	-270.1	-270.1
16:52:17	414	427	110.2	-270.1	-270.1
16:52:18	414	427	110.4	-270.1	-270.1
16:52:19	414	427	110.8	-270.1	-270.1
16:52:20	414.1	427	111.3	-270.1	-270.1
16:52:21	414	427	112.2	-270.1	-270.1
16:52:22	414	426.9	113.2	-270.1	-270.1
16:52:23	414.1	426.9	114.8	-270.1	-270.1
16:52:24	414.1	427	116.7	-270.1	-270.1
16:52:25	414.1	427	119	-270.1	-270.1
16:52:26	414.1	427	121.6	-270.1	-270.1
16:52:27	414	427	124.6	-270.1	-270.1
16:52:28	414	427	128.1	-270.1	-270.1
16:52:29	414	427	131.8	-270.1	-270.1
16:52:30	414	427	135.8	-270.1	-270.1
16:52:31	414	427	140	-270.1	-270.1
16:52:32	414	427	144.5	-270.1	-270.1
16:52:33	414	427	149.2	-270.1	-270.1
16:52:34	413.9	427	154	-270.1	-270.1
16:52:35	413.9	427	158.9	-270.1	-270.1
16:52:36	413.9	427	163.8	-270.1	-270.1
16:52:37	413.8	427	168.7	-270.1	-270.1
16:52:38	413.8	427	173.5	-270.1	-270.1
16:52:39	413.7	427	178.2	-270.1	-270.1
16:52:40	413.6	427	182.7	-270.1	-270.1
16:52:41	413.6	427	187.1	-270.1	-270.1
16:52:42	413.6	427	191.4	-270.1	-270.1
16:52:43	413.6	427	195.6	-270.1	-270.1
16:52:44	413.6	427	199.8	-270.1	-270.1
16:52:45	413.5	427	203.8	-270.1	-270.1
16:52:46	413.6	427	207.8	-270.1	-270.1
16:52:47	413.6	427	211.7	-270.1	-270.1
16:52:48	413.5	427	215.5	-270.1	-270.1
16:52:49	413.5	427.1	219.2	-270.1	-270.1
16:52:50	413.5	427	222.8	-270.1	-270.1
16:52:51	413.4	427	226.4	-270.1	-270.1
16:52:52	413.4	427	230	-270.1	-270.1
16:52:53	413.4	427	233.4	-270.1	-270.1
16:52:54	413.4	427	236.9	-270.1	-270.1
16:52:55	413.4	427	240.2	-270.1	-270.1
16:52:56	413.4	427.1	243.5	-270.1	-270.1
16:52:57	413.4	427	246.7	-270.1	-270.1
16:52:58	413.3	427	249.8	-270.1	-270.1
16:52:59	413.3	427	252.9	-270.1	-270.1
16:53:00	413.3	427	255.9	-270.1	-270.1
16:53:01	413.3	427	258.9	-270.1	-270.1
16:53:02	413.2	427	261.8	-270.1	-270.1
16:53:03	413.2	426.9	264.6	-270.1	-270.1
16:53:04	413.3	427	267.5	-270.1	-270.1
16:53:05	413.2	427	270.2	-270.1	-270.1
16:53:06	413.2	426.9	272.9	-270.1	-270.1
16:53:07	413.1	426.9	275.5	-270.1	-270.1
16:53:08	413.1	426.9	275.5	-270.1	-270.1
16:53:09	413.1	426.9	278.1	-270.1	-270.1
16:53:10	413.1	426.9	280.7	-270.1	-270.1
16:53:11	413.1	426.9	283.2	-270.1	-270.1
16:53:12	413.1	426.8	285.6	-270.1	-270.1
16:53:13	413	426.8	288	-270.1	-270.1
16:53:14	413	426.8	290.4	-270.1	-270.1
16:53:15	413	426.8	292.7	-270.1	-270.1
16:53:16	413	426.8	295	-270.1	-270.1
16:53:17	413	426.8	297.2	-270.1	-270.1
16:53:18	413	426.7	299.3	-270.1	-270.1
16:53:19	413	426.7	301.5	-270.1	-270.1
16:53:20	413	426.7	303.6	-270.1	-270.1
16:53:21	412.9	426.7	305.6	-270.1	-270.1
16:53:22	412.9	426.7	307.6	-270.1	-270.1
16:53:23	412.9	426.7	309.6	-270.1	-270.1
16:53:24	412.9	426.6	311.6	-270.1	-270.1
16:53:25	412.9	426.6	313.5	-270.1	-270.1
16:53:26	412.9	426.6	315.4	-270.1	-270.1
16:53:27	412.9	426.6	317.3	-270.1	-270.1
16:53:28	412.9	426.6	319.1	-270.1	-270.1
16:53:29	412.9	426.6	320.9	-270.1	-270.1
16:53:30	412.9	426.5	322.6	-270.1	-270.1
16:53:31	412.9	426.5	324.4	-270.1	-270.1
16:53:32	413	426.5	326	-270.1	-270.1
16:53:33	413	426.6	327.7	-270.1	-270.1
16:53:34	412.9	426.5	329.3	-270.1	-270.1
16:53:35	412.9	426.5	330.8	-270.1	-270.1
16:53:36	413	426.5	332.4	-270.1	-270.1
16:53:37	413	426.5	333.9	-270.1	-270.1
16:53:38	412.9	426.4	335.4	-270.1	-270.1
16:53:39	412.9	426.4	336.9	-270.1	-270.1
16:53:40	412.9	426.5	338.4	-270.1	-270.1
16:53:41	412.9	426.4	339.8	-270.1	-270.1
16:53:42	412.9	426.4	341.2	-270.1	-270.1
16:53:43	412.9	426.4	342.5	-270.1	-270.1
16:53:44	412.9	426.4	343.8	-270.1	-270.1
16:53:45	412.9	426.4	345.1	-270.1	-270.1
16:53:46	412.8	426.4	346.3	-270.1	-270.1
16:53:47	412.8	426.4	347.6	-270.1	-270.1
16:53:48	412.8	426.4	348.9	-270.1	-270.1
16:53:49	412.8	426.4	350.1	-270.1	-270.1
16:53:50	412.8	426.4	351.3	-270.1	-270.1
16:53:51	412.8	426.4	352.4	-270.1	-270.1
16:53:52	412.8	426.4	353.5	-270.1	-270.1
16:53:53	412.8	426.4	354.7	-270.1	-270.1
16:53:54	412.8	426.4	355.8	-270.1	-270.1
16:53:55	412.8	426.4	356.8	-270.1	-270.1
16:53:56	412.7	426.3	357.8	-270.1	-270.1
16:53:57	412.7	426.3	358.8	-270.1	-270.1
16:53:58	412.7	426.3	359.8	-270.1	-270.1
16:53:59	412.7	426.3	360.8	-270.1	-270.1
16:54:00	412.7	426.3	361.8	-270.1	-270.1
16:54:01	412.7	426.3	362.7	-270.1	-270.1
16:54:02	412.7	426.4	363.7	-270.1	-270.1
16:54:03	412.7	426.4	364.6	-270.1	-270.1
16:54:04	412.7	426.4	365.4	-270.1	-270.1
16:54:05	412.7	426.4	366.3	-270.1	-270.1
16:54:06	412.7	426.4	367.2	-270.1	-270.1
16:54:07	412.7	426.4	368	-270.1	-270.1
16:54:08	412.7	426.4	368.8	-270.1	-270.1
16:54:09	412.7	426.4	369.6	-270.1	-270.1
16:54:10	412.7	426.4	370.4	-270.1	-270.1
16:54:11	412.7	426.4	371.1	-270.1	-270.1
16:54:12	412.7	426.4	371.9	-270.1	-270.1
16:54:13	412.7	426.4	372.6	-270.1	-270.1
16:54:14	412.7	426.4	373.4	-270.1	-270.1
16:54:15	412.7	426.4	374.1	-270.1	-270.1
16:54:16	412.7	426.4	374.1	-270.1	-270.1
16:54:17	412.7	426.4	374.8	-270.1	-270.1
16:54:18	412.7	426.4	375.5	-270.1	-270.1
16:54:19	412.7	426.4	376.1	-270.1	-270.1
16:54:20	412.7	426.4	376.8	-270.1	-270.1
16:54:21	412.7	426.4	377.4	-270.1	-270.1
16:54:22	412.7	426.4	378.1	-270.1	-270.1
16:54:23	412.7	426.4	378.7	-270.1	-270.1
16:54:24	412.7	426.4	379.3	-270.1	-270.1
16:54:25	412.7	426.5	379.9	-270.1	-270.1
16:54:26	412.7	426.4	380.5	-270.1	-270.1
16:54:27	412.7	426.4	381.1	-270.1	-270.1
16:54:28	412.7	426.4	381.6	-270.1	-270.1
16:54:29	412.7	426.4	382.2	-270.1	-270.1
16:54:30	412.7	426.4	382.7	-270.1	-270.1
16:54:31	412.7	426.4	383.3	-270.1	-270.1
16:54:32	412.7	426.4	383.8	-270.1	-270.1
16:54:33	412.7	426.4	384.3	-270.1	-270.1
16:54:34	412.7	426.4	384.7	-270.1	-270.1
16:54:35	412.7	426.4	385.2	-270.1	-270.1
16:54:36	412.7	426.4	385.6	-270.1	-270.1
16:54:37	412.7	426.4	386	-270.1	-270.1
16:54:38	412.7	426.4	386.5	-270.1	-270.1
16:54:39	412.7	426.4	386.9	-270.1	-270.1
16:54:40	412.7	426.4	387.4	-270.1	-270.1
16:54:41	412.7	426.4	387.8	-270.1	-270.1
16:54:42	412.7	426.4	388.1	-270.1	-270.1
16:54:43	412.7	426.4	388.5	-270.1	-270.1
16:54:44	412.7	426.4	388.9	-270.1	-270.1
16:54:45	412.7	426.4	389.3	-270.1	-270.1
16:54:46	412.7	426.3	389.7	-270.1	-270.1
16:54:47	412.7	426.3	390.1	-270.1	-270.1
16:54:48	412.7	426.3	390.4	-270.1	-270.1
16:54:49	412.7	426.3	390.8	-270.1	-270.1
16:54:50	412.7	426.3	391.1	-270.1	-270.1
16:54:51	412.7	426.3	391.5	-270.1	-270.1
16:54:52	412.7	426.3	391.8	-270.1	-270.1
16:54:53	412.7	426.3	392.2	-270.1	-270.1
16:54:54	412.7	426.3	392.5	-270.1	-270.1
16:54:55	412.7	426.3	392.8	-270.1	-270.1
16:54:56	412.6	426.3	393	-270.1	-270.1
16:54:57	412.6	426.3	393.3	-270.1	-270.1
16:54:58	412.6	426.3	393.6	-270.1	-270.1
16:54:59	412.6	426.3	393.9	-270.1	-270.1
16:55:00	412.7	426.3	394.3	-270.1	-270.1
16:55:01	412.7	426.3	394.6	-270.1	-270.1
16:55:02	412.6	426.2	394.8	-270.1	-270.1
16:55:03	412.6	426.3	395.1	-270.1	-270.1
16:55:04	412.7	426.3	395.4	-270.1	-270.1
16:55:05	412.6	426.3	395.7	-270.1	-270.1
16:55:06	412.7	426.3	396	-270.1	-270.1
16:55:07	412.7	426.3	396.2	-270.1	-270.1
16:55:08	412.6	426.3	396.4	-270.1	-270.1
16:55:09	412.6	426.3	396.6	-270.1	-270.1
16:55:10	412.6	426.3	396.8	-270.1	-270.1
16:55:11	412.6	426.3	396.9	-270.1	-270.1
16:55:12	412.6	426.4	397.2	-270.1	-270.1
16:55:13	412.6	426.4	397.4	-270.1	-270.1
16:55:14	412.6	426.4	397.7	-270.1	-270.1
16:55:15	412.6	426.4	397.9	-270.1	-270.1
16:55:16	412.6	426.4	398.1	-270.1	-270.1
16:55:17	412.6	426.4	398.3	-270.1	-270.1
16:55:18	412.6	426.4	398.6	-270.1	-270.1
16:55:19	412.6	426.4	398.8	-270.1	-270.1
16:55:20	412.6	426.4	399	-270.1	-270.1
16:55:21	412.6	426.5	399.2	-270.1	-270.1
16:55:22	412.6	426.5	399.4	-270.1	-270.1
16:55:23	412.6	426.5	399.4	-270.1	-270.1
16:55:24	412.6	426.5	399.6	-270.1	-270.1
16:55:25	412.6	426.5	399.8	-270.1	-270.1
16:55:26	412.6	426.5	400	-270.1	-270.1
16:55:27	412.6	426.5	400.2	-270.1	-270.1
16:55:28	412.6	426.5	400.4	-270.1	-270.1
16:55:29	412.6	426.5	400.6	-270.1	-270.1
16:55:30	412.5	426.5	400.7	-270.1	-270.1
16:55:31	412.5	426.5	400.8	-270.1	-270.1
16:55:32	412.6	426.6	400.9	-270.1	-270.1
16:55:33	412.6	426.6	401.2	-270.1	-270.1
16:55:34	412.6	426.6	401.4	-270.1	-270.1
16:55:35	412.6	426.6	401.5	-270.1	-270.1
16:55:36	412.6	426.6	401.7	-270.1	-270.1
16:55:38	412.6	426.6	402.1	-270.1	-270.1
16:55:40	412.6	426.6	402.4	-270.1	-270.1
16:55:42	412.6	426.6	402.7	-270.1	-270.1
16:55:43	412.6	426.6	402.9	-270.1	-270.1
16:55:44	412.6	426.6	403.1	-270.1	-270.1
16:55:45	412.6	426.7	403.2	-270.1	-270.1
16:55:46	412.6	426.6	403.3	-270.1	-270.1
16:55:47	412.6	426.7	403.4	-270.1	-270.1
16:55:48	412.6	426.7	403.5	-270.1	-270.1
16:55:49	412.6	426.7	403.6	-270.1	-270.1
16:55:50	412.6	426.7	403.8	-270.1	-270.1
16:55:51	412.6	426.7	403.9	-270.1	-270.1
16:55:52	412.7	426.7	404	-270.1	-270.1
16:55:53	412.7	426.7	404.1	-270.1	-270.1
16:55:54	412.7	426.7	404.3	-270.1	-270.1
16:55:55	412.7	426.7	404.4	-270.1	-270.1
16:55:56	412.7	426.7	404.6	-270.1	-270.1
16:55:57	412.7	426.7	404.7	-270.1	-270.1
16:55:58	412.7	426.7	404.7	-270.1	-270.1
16:55:59	412.7	426.7	404.8	-270.1	-270.1
16:56:00	412.7	426.7	404.9	-270.1	-270.1
16:56:01	412.8	426.7	405.1	-270.1	-270.1
16:56:02	412.8	426.7	405.2	-270.1	-270.1
16:56:03	412.8	426.7	405.3	-270.1	-270.1
16:56:04	412.8	426.7	405.5	-270.1	-270.1
16:56:05	412.8	426.7	405.6	-270.1	-270.1
16:56:06	412.8	426.7	405.7	-270.1	-270.1
16:56:07	412.8	426.6	405.8	-270.1	-270.1
16:56:08	412.8	426.7	405.9	-270.1	-270.1
16:56:09	412.9	426.7	406	-270.1	-270.1
16:56:10	412.9	426.6	406.1	-270.1	-270.1
16:56:11	412.9	426.6	406.2	-270.1	-270.1
16:56:12	412.9	426.6	406.3	-270.1	-270.1
16:56:13	412.9	426.6	406.4	-270.1	-270.1
16:56:14	412.9	426.6	406.5	-270.1	-270.1
16:56:15	412.9	426.6	406.6	-270.1	-270.1
16:56:16	412.9	426.7	406.7	-270.1	-270.1
16:56:17	412.9	426.6	406.8	-270.1	-270.1
16:56:18	412.9	426.7	406.9	-270.1	-270.1
16:56:19	412.9	426.7	407	-270.1	-270.1
16:56:20	412.9	426.7	407.1	-270.1	-270.1
16:56:21	412.9	426.7	407.2	-270.1	-270.1
16:56:22	412.9	426.7	407.3	-270.1	-270.1
16:56:23	412.9	426.7	407.4	-270.1	-270.1
16:56:24	412.9	426.7	407.5	-270.1	-270.1
16:56:25	412.9	426.7	407.6	-270.1	-270.1
16:56:26	412.9	426.7	407.6	-270.1	-270.1
16:56:27	412.9	426.7	407.7	-270.1	-270.1
16:56:28	412.9	426.7	407.8	-270.1	-270.1
16:56:29	412.9	426.7	407.8	-270.1	-270.1
16:56:30	412.9	426.7	407.9	-270.1	-270.1
16:56:31	412.8	426.7	407.9	-270.1	-270.1
16:56:32	412.8	426.7	408	-270.1	-270.1
16:56:33	412.8	426.7	408	-270.1	-270.1
16:56:34	412.8	426.7	408.1	-270.1	-270.1
16:56:35	412.8	426.7	408.2	-270.1	-270.1
16:56:36	412.8	426.7	408.2	-270.1	-270.1
16:56:37	412.8	426.7	408.3	-270.1	-270.1
16:56:38	412.8	426.7	408.4	-270.1	-270.1
16:56:39	412.8	426.7	408.4	-270.1	-270.1
16:56:40	412.8	426.7	408.5	-270.1	-270.1
16:56:41	412.8	426.8	408.6	-270.1	-270.1
16:56:42	412.8	426.8	408.6	-270.1	-270.1
16:56:43	412.8	426.8	408.7	-270.1	-270.1
16:56:44	412.8	426.8	408.7	-270.1	-270.1
16:56:45	412.8	426.8	408.8	-270.1	-270.1
16:56:46	412.8	426.8	408.9	-270.1	-270.1
16:56:47	412.8	426.8	408.9	-270.1	-270.1
16:56:48	412.9	426.8	409	-270.1	-270.1
16:56:49	412.8	426.9	409.2	-270.1	-270.1
16:56:50	412.8	426.9	409.2	-270.1	-270.1
16:56:51	412.8	426.8	409.2	-270.1	-270.1
16:56:52	412.8	426.8	409.3	-270.1	-270.1
16:56:53	412.8	426.8	409.4	-270.1	-270.1
16:56:54	412.8	426.8	409.5	-270.1	-270.1
16:56:55	412.8	426.8	409.5	-270.1	-270.1
16:56:56	412.9	426.9	409.6	-270.1	-270.1
16:56:57	412.9	426.9	409.6	-270.1	-270.1
16:56:58	412.9	426.9	409.7	-270.1	-270.1
16:56:59	412.8	426.9	409.6	-270.1	-270.1
16:57:00	412.8	426.9	409.7	-270.1	-270.1
16:57:01	412.8	426.9	409.8	-270.1	-270.1
16:57:02	412.8	426.9	409.9	-270.1	-270.1
16:57:03	412.9	427	410	-270.1	-270.1
16:57:04	412.9	427	410	-270.1	-270.1
16:57:05	412.9	426.9	410.1	-270.1	-270.1
16:57:06	412.9	427	410.1	-270.1	-270.1
16:57:07	412.9	427	410.2	-270.1	-270.1
16:57:08	412.9	426.9	410.3	-270.1	-270.1
16:57:09	412.9	427	410.3	-270.1	-270.1
16:57:10	412.9	427	410.4	-270.1	-270.1
16:57:11	412.9	427	410.5	-270.1	-270.1
16:57:12	412.9	427	410.5	-270.1	-270.1
16:57:13	412.9	427	410.6	-270.1	-270.1
16:57:14	412.9	427	410.7	-270.1	-270.1
16:57:15	412.9	427	410.7	-270.1	-270.1
16:57:16	412.9	427	410.8	-270.1	-270.1
16:57:17	412.9	427	410.8	-270.1	-270.1
16:57:18	412.9	426.9	410.8	-270.1	-270.1
16:57:19	412.9	427	410.8	-270.1	-270.1
16:57:20	412.9	426.9	410.8	-270.1	-270.1
16:57:21	412.9	426.9	410.7	-270.1	-270.1
16:57:22	412.9	426.9	410.7	-270.1	-270.1
16:57:23	412.9	426.9	410.7	-270.1	-270.1
16:57:24	412.9	426.9	410.8	-270.1	-270.1
16:57:25	412.9	426.9	410.8	-270.1	-270.1
16:57:26	412.9	426.9	410.9	-270.1	-270.1
16:57:27	412.9	426.9	410.9	-270.1	-270.1
16:57:28	412.9	426.9	411	-270.1	-270.1
16:57:29	412.9	426.9	411.1	-270.1	-270.1
16:57:30	412.9	426.9	411.1	-270.1	-270.1
16:57:31	412.9	426.9	411.2	-270.1	-270.1
16:57:32	412.9	426.9	411.2	-270.1	-270.1
16:57:33	412.9	426.9	411.3	-270.1	-270.1
16:57:34	412.9	426.9	411.3	-270.1	-270.1
16:57:35	412.9	426.9	411.4	-270.1	-270.1
16:57:36	412.9	426.9	411.4	-270.1	-270.1
16:57:37	412.9	427	411.4	-270.1	-270.1
16:57:38	412.9	426.9	411.4	-270.1	-270.1
16:57:39	412.9	427	411.4	-270.1	-270.1
16:57:40	412.9	427	411.5	-270.1	-270.1
16:57:41	412.9	427	411.5	-270.1	-270.1
16:57:42	412.9	427	411.6	-270.1	-270.1
16:57:43	412.9	427	411.6	-270.1	-270.1
16:57:44	412.9	427	411.7	-270.1	-270.1
16:57:45	412.9	427	411.7	-270.1	-270.1
16:57:46	413	427	411.8	-270.1	-270.1
16:57:47	412.9	427	411.7	-270.1	-270.1
16:57:48	413	427	411.7	-270.1	-270.1
16:57:49	413	427	411.8	-270.1	-270.1
16:57:50	413	427	411.8	-270.1	-270.1
16:57:51	413	427	411.9	-270.1	-270.1
16:57:52	412.9	427	411.9	-270.1	-270.1
16:57:53	412.9	427	411.9	-270.1	-270.1
16:57:54	412.9	427	412	-270.1	-270.1
16:57:55	412.9	427	412	-270.1	-270.1
16:57:56	412.9	427	412.1	-270.1	-270.1
16:57:57	412.9	427	412.1	-270.1	-270.1
16:57:58	412.9	427	412.2	-270.1	-270.1
16:57:59	412.9	427	412.2	-270.1	-270.1
16:58:00	412.9	427	412.3	-270.1	-270.1
16:58:01	412.9	427	412.3	-270.1	-270.1
16:58:02	412.9	427	412.4	-270.1	-270.1
16:58:03	412.9	427	412.4	-270.1	-270.1
16:58:04	412.9	427	412.4	-270.1	-270.1
16:58:05	412.9	427	412.4	-270.1	-270.1
16:58:06	412.9	427	412.5	-270.1	-270.1
16:58:07	412.9	427	412.5	-270.1	-270.1
16:58:08	412.9	427	412.5	-270.1	-270.1
16:58:09	412.9	427.1	412.6	-270.1	-270.1
16:58:10	412.9	427.1	412.6	-270.1	-270.1
16:58:11	412.9	427.1	412.7	-270.1	-270.1
16:58:12	412.9	427.1	412.7	-270.1	-270.1
16:58:13	413	427.1	412.8	-270.1	-270.1
16:58:14	413	427.1	412.8	-270.1	-270.1
16:58:15	413	427.1	412.9	-270.1	-270.1
16:58:16	413	427.1	412.9	-270.1	-270.1
16:58:17	413	427.1	412.9	-270.1	-270.1
16:58:18	413	427.1	413	-270.1	-270.1
16:58:19	413	427.1	413	-270.1	-270.1
16:58:20	413	427.1	412.9	-270.1	-270.1
16:58:21	413	427.1	413	-270.1	-270.1
16:58:22	413	427.1	413	-270.1	-270.1
16:58:23	413	427.1	413	-270.1	-270.1
16:58:24	413	427.1	413.1	-270.1	-270.1
16:58:25	413	427.1	413.1	-270.1	-270.1
16:58:26	413	427.1	413.1	-270.1	-270.1
16:58:27	413	427.1	413.1	-270.1	-270.1
16:58:28	413	427.1	413.2	-270.1	-270.1
16:58:29	413	427.1	413.2	-270.1	-270.1
16:58:30	413	427.1	413.2	-270.1	-270.1
16:58:31	413	427.1	413.2	-270.1	-270.1
16:58:32	413	427.1	413.3	-270.1	-270.1
16:58:33	413	427.1	413.3	-270.1	-270.1
16:58:34	413.1	427.1	413.4	-270.1	-270.1
16:58:35	413.1	427.1	413.3	-270.1	-270.1
16:58:36	413.1	427.1	413.3	-270.1	-270.1
16:58:37	413.1	427.1	413.3	-270.1	-270.1
16:58:38	413.1	427.1	413.4	-270.1	-270.1
16:58:39	413.1	427.1	413.4	-270.1	-270.1
16:58:40	413.1	427.1	413.4	-270.1	-270.1
16:58:41	413.1	427.1	413.4	-270.1	-270.1
16:58:42	413.1	427.1	413.5	-270.1	-270.1
16:58:43	413.1	427.1	413.5	-270.1	-270.1
16:58:44	413.1	427.1	413.6	-270.1	-270.1
16:58:45	413.1	427.1	413.6	-270.1	-270.1
16:58:46	413.1	427.1	413.6	-270.1	-270.1
16:58:47	413.1	427.1	413.6	-270.1	-270.1
16:58:48	413.1	427.1	413.6	-270.1	-270.1
16:58:49	413.1	427.1	413.6	-270.1	-270.1
16:58:50	413.1	427.1	413.7	-270.1	-270.1
16:58:51	413.1	427.1	413.7	-270.1	-270.1
16:58:52	413.1	427.1	413.7	-270.1	-270.1
16:58:53	413.1	427.1	413.7	-270.1	-270.1
16:58:54	413.1	427.1	413.7	-270.1	-270.1
16:58:55	413.1	427.1	413.7	-270.1	-270.1
16:58:56	413.1	427.1	413.7	-270.1	-270.1
16:58:57	413.1	427.1	413.6	-270.1	-270.1
16:58:58	413.1	427.1	413.6	-270.1	-270.1
16:58:59	413.1	427.1	413.6	-270.1	-270.1
16:59:00	413.1	427.1	413.6	-270.1	-270.1
16:59:01	413.1	427.1	413.7	-270.1	-270.1
16:59:02	413.1	427.1	413.6	-270.1	-270.1
16:59:03	413.1	427.1	413.6	-270.1	-270.1
16:59:04	413.1	427.1	413.7	-270.1	-270.1
16:59:05	413.1	427.1	413.7	-270.1	-270.1
16:59:06	413.1	427.1	413.6	-270.1	-270.1
16:59:07	413.1	427.1	413.6	-270.1	-270.1
16:59:08	413.2	427.1	413.6	-270.1	-270.1
16:59:09	413.2	427.1	413.6	-270.1	-270.1
16:59:10	413.2	427.1	413.7	-270.1	-270.1
16:59:11	413.2	427.1	413.7	-270.1	-270.1
16:59:12	413.2	427.2	413.7	-270.1	-270.1
16:59:13	413.2	427.1	413.8	-270.1	-270.1
16:59:14	413.2	427.2	413.8	-270.1	-270.1
16:59:15	413.2	427.2	413.8	-270.1	-270.1
16:59:16	413.2	427.2	413.8	-270.1	-270.1
16:59:17	413.2	427.2	413.9	-270.1	-270.1
16:59:18	413.2	427.2	413.9	-270.1	-270.1
16:59:19	413.2	427.2	413.9	-270.1	-270.1
16:59:20	413.2	427.2	413.9	-270.1	-270.1
16:59:21	413.2	427.2	414	-270.1	-270.1
16:59:22	413.2	427.2	414	-270.1	-270.1
16:59:23	413.2	427.2	414.1	-270.1	-270.1
16:59:24	413.2	427.2	414.1	-270.1	-270.1
16:59:25	413.2	427.2	414.1	-270.1	-270.1
16:59:26	413.2	427.2	414.1	-270.1	-270.1
16:59:27	413.2	427.2	414.2	-270.1	-270.1
16:59:28	413.2	427.2	414.2	-270.1	-270.1
16:59:29	413.2	427.2	414.2	-270.1	-270.1
16:59:30	413.2	427.2	414.3	-270.1	-270.1
16:59:31	413.2	427.2	414.3	-270.1	-270.1
16:59:32	413.2	427.2	414.3	-270.1	-270.1
16:59:33	413.2	427.2	414.3	-270.1	-270.1
16:59:34	413.2	427.2	414.3	-270.1	-270.1
16:59:35	413.2	427.2	414.3	-270.1	-270.1
16:59:36	413.2	427.2	414.3	-270.1	-270.1
16:59:37	413.2	427.2	414.4	-270.1	-270.1
16:59:38	413.2	427.2	414.4	-270.1	-270.1
16:59:39	413.2	427.2	414.4	-270.1	-270.1
16:59:40	413.2	427.2	414.4	-270.1	-270.1
16:59:41	413.2	427.2	414.5	-270.1	-270.1
16:59:42	413.2	427.2	414.5	-270.1	-270.1
16:59:43	413.2	427.2	414.5	-270.1	-270.1
16:59:44	413.2	427.2	414.5	-270.1	-270.1
16:59:45	413.2	427.2	414.6	-270.1	-270.1
16:59:46	413.2	427.2	414.6	-270.1	-270.1
16:59:47	413.2	427.2	414.5	-270.1	-270.1
16:59:48	413.2	427.2	414.5	-270.1	-270.1
16:59:49	413.2	427.2	414.4	-270.1	-270.1
16:59:50	413.2	427.2	414.3	-270.1	-270.1
16:59:51	413.2	427.3	414.4	-270.1	-270.1
16:59:52	413.2	427.3	414.4	-270.1	-270.1
16:59:53	413.2	427.3	414.4	-270.1	-270.1
16:59:54	413.2	427.3	414.4	-270.1	-270.1
16:59:55	413.3	427.3	414.4	-270.1	-270.1
16:59:56	413.2	427.2	414.4	-270.1	-270.1
16:59:57	413.2	427.2	414.3	-270.1	-270.1
16:59:58	413.3	427.3	414.4	-270.1	-270.1
16:59:59	413.3	427.3	414.4	-270.1	-270.1
17:00:00	413.3	427.3	414.5	-270.1	-270.1
17:00:01	413.3	427.3	414.5	-270.1	-270.1
17:00:02	413.4	427.3	414.5	-270.1	-270.1
17:00:03	413.4	427.3	414.6	-270.1	-270.1
17:00:04	413.4	427.3	414.6	-270.1	-270.1
17:00:05	413.4	427.3	414.6	-270.1	-270.1
17:00:06	413.3	427.2	414.7	-270.1	-270.1
17:00:07	413.4	427.2	414.7	-270.1	-270.1
17:00:08	413.4	427.2	414.7	-270.1	-270.1
17:00:09	413.4	427.3	414.8	-270.1	-270.1
17:00:10	413.4	427.3	414.8	-270.1	-270.1
17:00:11	413.4	427.2	414.8	-270.1	-270.1
17:00:12	413.4	427.2	414.8	-270.1	-270.1
17:00:13	413.4	427.3	414.9	-270.1	-270.1
17:00:14	413.4	427.3	414.9	-270.1	-270.1
17:00:15	413.4	427.2	414.9	-270.1	-270.1
17:00:16	413.4	427.2	414.9	-270.1	-270.1
17:00:17	413.4	427.3	415	-270.1	-270.1
17:00:18	413.4	427.3	415	-270.1	-270.1
17:00:19	413.4	427.2	415	-270.1	-270.1
17:00:20	413.4	427.2	415	-270.1	-270.1
17:00:21	413.4	427.2	415	-270.1	-270.1
17:00:22	413.4	427.2	415	-270.1	-270.1
17:00:23	413.4	427.2	415	-270.1	-270.1
17:00:24	413.4	427.2	415	-270.1	-270.1
17:00:25	413.4	427.2	415	-270.1	-270.1
17:00:26	413.4	427.2	415.1	-270.1	-270.1
17:00:27	413.5	427.3	415.1	-270.1	-270.1
17:00:28	413.5	427.3	415.2	-270.1	-270.1
17:00:29	413.4	427.2	415.1	-270.1	-270.1
17:00:30	413.4	427.3	415.2	-270.1	-270.1
17:00:31	413.4	427.3	415.2	-270.1	-270.1
17:00:32	413.4	427.3	415.2	-270.1	-270.1
17:00:33	413.5	427.3	415.3	-270.1	-270.1
17:00:34	413.5	427.3	415.3	-270.1	-270.1
17:00:35	413.5	427.3	415.3	-270.1	-270.1
17:00:36	413.4	427.3	415.3	-270.1	-270.1
17:00:37	413.5	427.3	415.3	-270.1	-270.1
17:00:38	413.4	427.3	415.3	-270.1	-270.1
17:00:39	413.4	427.3	415.3	-270.1	-270.1
17:00:40	413.4	427.3	415.3	-270.1	-270.1
17:00:41	413.4	427.3	415.3	-270.1	-270.1
17:00:42	413.4	427.3	415.3	-270.1	-270.1
17:00:43	413.4	427.3	415.3	-270.1	-270.1
17:00:44	413.4	427.3	415.3	-270.1	-270.1
17:00:45	413.4	427.3	415.3	-270.1	-270.1
17:00:46	413.4	427.3	415.3	-270.1	-270.1
17:00:47	413.4	427.4	415.3	-270.1	-270.1
17:00:48	413.4	427.4	415.3	-270.1	-270.1
17:00:49	413.4	427.4	415.3	-270.1	-270.1
17:00:50	413.4	427.4	415.2	-270.1	-270.1
17:00:51	413.4	427.4	415.1	-270.1	-270.1
17:00:52	413.4	427.3	415.1	-270.1	-270.1
17:00:53	413.4	427.4	415.2	-270.1	-270.1
17:00:54	413.4	427.4	415.2	-270.1	-270.1
17:00:55	413.4	427.4	415.2	-270.1	-270.1
17:00:56	413.4	427.4	415.2	-270.1	-270.1
17:00:57	413.4	427.4	415.2	-270.1	-270.1
17:00:58	413.4	427.4	415.3	-270.1	-270.1
17:00:59	413.4	427.4	415.3	-270.1	-270.1
17:01:00	413.4	427.4	415.3	-270.1	-270.1
17:01:01	413.4	427.4	415.3	-270.1	-270.1
17:01:02	413.4	427.4	415.3	-270.1	-270.1
17:01:03	413.3	427.3	415.3	-270.1	-270.1
17:01:04	413.3	427.3	415.3	-270.1	-270.1
17:01:05	413.4	427.3	415.3	-270.1	-270.1
17:01:06	413.4	427.3	415.4	-270.1	-270.1
17:01:07	413.4	427.3	415.4	-270.1	-270.1
17:01:08	413.4	427.4	415.5	-270.1	-270.1
17:01:09	413.4	427.3	415.5	-270.1	-270.1
17:01:10	413.3	427.3	415.5	-270.1	-270.1
17:01:11	413.3	427.3	415.4	-270.1	-270.1
17:01:12	413.3	427.3	415.3	-270.1	-270.1
17:01:13	413.3	427.3	415.2	-270.1	-270.1
17:01:14	413.3	427.3	415.2	-270.1	-270.1
17:01:15	413.3	427.3	415.2	-270.1	-270.1
17:01:16	413.3	427.3	415.3	-270.1	-270.1
17:01:17	413.3	427.3	415.3	-270.1	-270.1
17:01:18	413.3	427.3	415.3	-270.1	-270.1
17:01:19	413.3	427.3	415.3	-270.1	-270.1
17:01:20	413.3	427.3	415.4	-270.1	-270.1
17:01:21	413.3	427.3	415.4	-270.1	-270.1
17:01:22	413.4	427.3	415.4	-270.1	-270.1
17:01:23	413.4	427.3	415.4	-270.1	-270.1
17:01:24	413.3	427.3	415.4	-270.1	-270.1
17:01:25	413.3	427.3	415.3	-270.1	-270.1
17:01:26	413.4	427.3	415.3	-270.1	-270.1
17:01:27	413.4	427.3	415.3	-270.1	-270.1
17:01:28	413.4	427.3	415.3	-270.1	-270.1
17:01:29	413.3	427.3	415.2	-270.1	-270.1
17:01:30	413.3	427.3	415.2	-270.1	-270.1
17:01:31	413.4	427.3	415.3	-270.1	-270.1
17:01:32	413.4	427.4	415.3	-270.1	-270.1
17:01:33	413.4	427.4	415.3	-270.1	-270.1
17:01:34	413.4	427.4	415.3	-270.1	-270.1
17:01:35	413.4	427.3	415.3	-270.1	-270.1
17:01:36	413.4	427.3	415.3	-270.1	-270.1
17:01:37	413.4	427.3	415.3	-270.1	-270.1
17:01:38	413.4	427.3	415.3	-270.1	-270.1
17:01:39	413.4	427.3	415.3	-270.1	-270.1
17:01:40	413.4	427.3	415.4	-270.1	-270.1
17:01:41	413.4	427.3	415.4	-270.1	-270.1
17:01:42	413.4	427.3	415.4	-270.1	-270.1
17:01:43	413.4	427.4	415.5	-270.1	-270.1
17:01:44	413.4	427.4	415.6	-270.1	-270.1
17:01:45	413.4	427.4	415.6	-270.1	-270.1
17:01:46	413.5	427.4	415.6	-270.1	-270.1
17:01:47	413.4	427.4	415.6	-270.1	-270.1
17:01:48	413.4	427.4	415.6	-270.1	-270.1
17:01:49	413.4	427.4	415.7	-270.1	-270.1
17:01:50	413.4	427.4	415.7	-270.1	-270.1
17:01:51	413.4	427.4	415.8	-270.1	-270.1
17:01:52	413.4	427.4	415.8	-270.1	-270.1
17:01:53	413.4	427.4	415.8	-270.1	-270.1
17:01:54	413.4	427.4	415.8	-270.1	-270.1
17:01:55	413.4	427.4	415.8	-270.1	-270.1
17:01:56	413.4	427.4	415.8	-270.1	-270.1
17:01:57	413.4	427.4	415.9	-270.1	-270.1
17:01:58	413.4	427.4	415.9	-270.1	-270.1
17:01:59	413.5	427.4	416	-270.1	-270.1
17:02:00	413.5	427.4	416	-270.1	-270.1
17:02:01	413.4	427.4	416	-270.1	-270.1
17:02:02	413.4	427.4	416	-270.1	-270.1
17:02:03	413.4	427.4	416	-270.1	-270.1
17:02:04	413.4	427.4	416	-270.1	-270.1
17:02:05	413.4	427.4	416	-270.1	-270.1
17:02:06	413.4	427.4	416	-270.1	-270.1
17:02:07	413.5	427.5	416.1	-270.1	-270.1
17:02:08	413.5	427.5	416.1	-270.1	-270.1
17:02:09	413.5	427.5	416.1	-270.1	-270.1
17:02:10	413.5	427.5	416.1	-270.1	-270.1
17:02:11	413.4	427.4	416.2	-270.1	-270.1
17:02:12	413.4	427.4	416.1	-270.1	-270.1
17:02:13	413.5	427.5	416.1	-270.1	-270.1
17:02:14	413.5	427.5	416.2	-270.1	-270.1
17:02:15	413.4	427.4	416.2	-270.1	-270.1
17:02:16	413.4	427.4	416.1	-270.1	-270.1
17:02:17	413.4	427.4	416	-270.1	-270.1
17:02:18	413.4	427.4	416	-270.1	-270.1
17:02:19	413.4	427.4	416	-270.1	-270.1
17:02:20	413.4	427.4	416	-270.1	-270.1
17:02:21	413.4	427.4	416	-270.1	-270.1
17:02:22	413.4	427.4	416	-270.1	-270.1
17:02:23	413.4	427.4	416	-270.1	-270.1
17:02:24	413.4	427.4	416.1	-270.1	-270.1
17:02:25	413.4	427.4	416.1	-270.1	-270.1
17:02:26	413.4	427.4	416.1	-270.1	-270.1
17:02:27	413.4	427.4	416.1	-270.1	-270.1
17:02:28	413.4	427.4	416.1	-270.1	-270.1
17:02:29	413.4	427.4	416.1	-270.1	-270.1
17:02:30	413.4	427.4	416.1	-270.1	-270.1
17:02:31	413.4	427.4	416.1	-270.1	-270.1
17:02:32	413.4	427.4	416.1	-270.1	-270.1
17:02:33	413.4	427.4	416.1	-270.1	-270.1
17:02:34	413.4	427.4	416.1	-270.1	-270.1
17:02:35	413.4	427.4	416.1	-270.1	-270.1
17:02:36	413.4	427.4	416.1	-270.1	-270.1
17:02:37	413.4	427.4	416.2	-270.1	-270.1
17:02:38	413.4	427.4	416.2	-270.1	-270.1
17:02:39	413.5	427.5	416.3	-270.1	-270.1
17:02:40	413.5	427.5	416.3	-270.1	-270.1
17:02:41	413.5	427.4	416.3	-270.1	-270.1
17:02:42	413.5	427.4	416.3	-270.1	-270.1
17:02:43	413.5	427.5	416.3	-270.1	-270.1
17:02:44	413.5	427.5	416.3	-270.1	-270.1
17:02:45	413.5	427.5	416.3	-270.1	-270.1
17:02:46	413.5	427.5	416.3	-270.1	-270.1
17:02:47	413.5	427.5	416.3	-270.1	-270.1
17:02:48	413.5	427.5	416.4	-270.1	-270.1
17:02:49	413.5	427.5	416.3	-270.1	-270.1
17:02:50	413.5	427.4	416.4	-270.1	-270.1
17:02:51	413.5	427.5	416.4	-270.1	-270.1
17:02:52	413.5	427.5	416.4	-270.1	-270.1
17:02:53	413.5	427.5	416.4	-270.1	-270.1
17:02:54	413.5	427.5	416.4	-270.1	-270.1
17:02:55	413.5	427.5	416.4	-270.1	-270.1
17:02:56	413.5	427.5	416.4	-270.1	-270.1
17:02:57	413.5	427.5	416.4	-270.1	-270.1
17:02:58	413.5	427.5	416.4	-270.1	-270.1
17:02:59	413.5	427.5	416.4	-270.1	-270.1
17:03:00	413.5	427.5	416.5	-270.1	-270.1
17:03:01	413.5	427.5	416.5	-270.1	-270.1
17:03:02	413.5	427.5	416.4	-270.1	-270.1
17:03:03	413.6	427.5	416.5	-270.1	-270.1
17:03:04	413.5	427.5	416.5	-270.1	-270.1
17:03:05	413.5	427.5	416.4	-270.1	-270.1
17:03:06	413.5	427.4	416.4	-270.1	-270.1
17:03:07	413.5	427.5	416.4	-270.1	-270.1
17:03:08	413.5	427.5	416.4	-270.1	-270.1
17:03:09	413.6	427.5	416.5	-270.1	-270.1
17:03:10	413.6	427.5	416.5	-270.1	-270.1
17:03:11	413.6	427.5	416.5	-270.1	-270.1
17:03:12	413.6	427.5	416.5	-270.1	-270.1
17:03:13	413.7	427.5	416.5	-270.1	-270.1
17:03:14	413.7	427.5	416.5	-270.1	-270.1
17:03:15	413.6	427.4	416.4	-270.1	-270.1
17:03:16	413.6	427.4	416.4	-270.1	-270.1
17:03:17	413.6	427.4	416.4	-270.1	-270.1
17:03:18	413.6	427.4	416.3	-270.1	-270.1
17:03:19	413.6	427.4	416.4	-270.1	-270.1
17:03:20	413.6	427.4	416.4	-270.1	-270.1
17:03:21	413.7	427.4	416.4	-270.1	-270.1
17:03:22	413.7	427.4	416.4	-270.1	-270.1
17:03:23	413.7	427.4	416.5	-270.1	-270.1
17:03:24	413.7	427.4	416.4	-270.1	-270.1
17:03:25	413.7	427.5	416.4	-270.1	-270.1
17:03:26	413.7	427.5	416.5	-270.1	-270.1
17:03:27	413.7	427.5	416.5	-270.1	-270.1
17:03:28	413.7	427.5	416.5	-270.1	-270.1
17:03:29	413.8	427.5	416.5	-270.1	-270.1
17:03:30	413.8	427.5	416.6	-270.1	-270.1
17:03:31	413.8	427.5	416.5	-270.1	-270.1
17:03:32	413.8	427.5	416.5	-270.1	-270.1
17:03:33	413.8	427.5	416.5	-270.1	-270.1
17:03:34	413.8	427.5	416.5	-270.1	-270.1
17:03:35	413.8	427.5	416.5	-270.1	-270.1
17:03:36	413.8	427.5	416.5	-270.1	-270.1
17:03:37	413.8	427.5	416.5	-270.1	-270.1
17:03:38	413.8	427.5	416.6	-270.1	-270.1
17:03:39	413.8	427.5	416.5	-270.1	-270.1
17:03:40	413.8	427.5	416.5	-270.1	-270.1
17:03:41	413.8	427.5	416.5	-270.1	-270.1
17:03:42	413.8	427.5	416.5	-270.1	-270.1
17:03:43	413.8	427.5	416.5	-270.1	-270.1
17:03:44	413.7	427.5	416.5	-270.1	-270.1
17:03:45	413.8	427.5	416.6	-270.1	-270.1
17:03:46	413.8	427.5	416.6	-270.1	-270.1
17:03:47	413.7	427.5	416.6	-270.1	-270.1
17:03:48	413.7	427.5	416.6	-270.1	-270.1
17:03:49	413.8	427.5	416.7	-270.1	-270.1
17:03:50	413.8	427.5	416.7	-270.1	-270.1
17:03:51	413.7	427.5	416.7	-270.1	-270.1
17:03:52	413.7	427.5	416.7	-270.1	-270.1
17:03:53	413.7	427.5	416.7	-270.1	-270.1
17:03:54	413.7	427.5	416.7	-270.1	-270.1
17:03:55	413.7	427.5	416.7	-270.1	-270.1
17:03:56	413.7	427.5	416.7	-270.1	-270.1
17:03:57	413.8	427.6	416.8	-270.1	-270.1
17:03:58	413.8	427.6	416.8	-270.1	-270.1
17:03:59	413.8	427.6	416.8	-270.1	-270.1
17:04:00	413.8	427.6	416.8	-270.1	-270.1
17:04:01	413.8	427.6	416.8	-270.1	-270.1
17:04:02	413.8	427.6	416.8	-270.1	-270.1
17:04:03	413.7	427.6	416.7	-270.1	-270.1
17:04:04	413.7	427.6	416.7	-270.1	-270.1
17:04:05	413.7	427.6	416.6	-270.1	-270.1
17:04:06	413.7	427.6	416.6	-270.1	-270.1
17:04:07	413.7	427.6	416.6	-270.1	-270.1
17:04:08	413.7	427.6	416.5	-270.1	-270.1
17:04:09	413.7	427.6	416.5	-270.1	-270.1
17:04:10	413.7	427.6	416.5	-270.1	-270.1
17:04:11	413.7	427.6	416.5	-270.1	-270.1
17:04:12	413.7	427.6	416.5	-270.1	-270.1
17:04:13	413.7	427.6	416.5	-270.1	-270.1
17:04:14	413.7	427.6	416.6	-270.1	-270.1
17:04:15	413.7	427.6	416.6	-270.1	-270.1
17:04:16	413.7	427.6	416.6	-270.1	-270.1
17:04:17	413.7	427.6	416.6	-270.1	-270.1
17:04:18	413.7	427.6	416.7	-270.1	-270.1
17:04:19	413.7	427.7	416.7	-270.1	-270.1
17:04:20	413.7	427.6	416.7	-270.1	-270.1
17:04:21	413.7	427.6	416.8	-270.1	-270.1
17:04:22	413.7	427.6	416.8	-270.1	-270.1
17:04:23	413.7	427.6	416.8	-270.1	-270.1
17:04:24	413.7	427.6	416.8	-270.1	-270.1
17:04:25	413.7	427.6	416.8	-270.1	-270.1
17:04:26	413.8	427.6	416.8	-270.1	-270.1
17:04:27	413.8	427.6	416.9	-270.1	-270.1
17:04:28	413.8	427.6	416.9	-270.1	-270.1
17:04:29	413.8	427.6	416.9	-270.1	-270.1
17:04:30	413.8	427.6	416.9	-270.1	-270.1
17:04:31	413.8	427.6	416.9	-270.1	-270.1
17:04:32	413.8	427.6	417	-270.1	-270.1
17:04:33	413.8	427.6	417	-270.1	-270.1
17:04:34	413.8	427.6	417	-270.1	-270.1
17:04:35	413.9	427.6	417	-270.1	-270.1
17:04:36	413.9	427.6	417	-270.1	-270.1
17:04:37	413.9	427.6	417	-270.1	-270.1
17:04:38	413.9	427.6	417	-270.1	-270.1
17:04:39	413.9	427.6	417	-270.1	-270.1
17:04:40	413.9	427.6	417	-270.1	-270.1
17:04:41	413.9	427.6	417	-270.1	-270.1
17:04:42	413.9	427.6	417	-270.1	-270.1
17:04:43	413.9	427.5	417	-270.1	-270.1
17:04:44	413.9	427.5	417	-270.1	-270.1
17:04:45	414	427.5	417	-270.1	-270.1
17:04:46	414	427.6	417.1	-270.1	-270.1
17:04:47	413.9	427.6	417.1	-270.1	-270.1
17:04:48	413.9	427.5	417	-270.1	-270.1
17:04:49	413.9	427.5	417	-270.1	-270.1
17:04:50	413.9	427.5	417	-270.1	-270.1
17:04:51	413.9	427.5	417	-270.1	-270.1
17:04:52	414	427.5	417	-270.1	-270.1
17:04:53	413.9	427.5	417	-270.1	-270.1
17:04:54	413.9	427.5	417	-270.1	-270.1
17:04:55	413.9	427.5	417	-270.1	-270.1
17:04:56	413.9	427.5	417	-270.1	-270.1
17:04:57	413.9	427.5	417	-270.1	-270.1
17:04:58	413.9	427.5	417.1	-270.1	-270.1
17:04:59	413.9	427.5	417.1	-270.1	-270.1
17:05:00	413.9	427.5	417.1	-270.1	-270.1
17:05:01	413.9	427.5	417.1	-270.1	-270.1
17:05:02	413.9	427.5	417	-270.1	-270.1
17:05:03	413.9	427.5	417	-270.1	-270.1
17:05:04	413.9	427.5	417	-270.1	-270.1
17:05:05	413.9	427.5	417	-270.1	-270.1
17:05:06	413.9	427.5	417	-270.1	-270.1
17:05:07	413.9	427.5	417	-270.1	-270.1
17:05:08	413.9	427.5	417	-270.1	-270.1
17:05:09	413.9	427.5	417	-270.1	-270.1
17:05:10	413.8	427.5	417	-270.1	-270.1
17:05:11	413.8	427.5	417	-270.1	-270.1
17:05:12	413.8	427.5	417.1	-270.1	-270.1
17:05:13	413.8	427.5	417.1	-270.1	-270.1
17:05:14	413.8	427.5	417.1	-270.1	-270.1
17:05:15	413.9	427.5	417.1	-270.1	-270.1
17:05:16	413.8	427.5	417.1	-270.1	-270.1
17:05:17	413.9	427.5	417.1	-270.1	-270.1
17:05:18	413.9	427.5	417.1	-270.1	-270.1
17:05:19	413.9	427.5	417.1	-270.1	-270.1
17:05:20	413.9	427.5	417.2	-270.1	-270.1
17:05:21	413.9	427.5	417.2	-270.1	-270.1
17:05:22	413.9	427.5	417.2	-270.1	-270.1
17:05:23	413.9	427.6	417.2	-270.1	-270.1
17:05:24	413.9	427.5	417.2	-270.1	-270.1
17:05:25	413.9	427.6	417.2	-270.1	-270.1
17:05:26	413.9	427.6	417.2	-270.1	-270.1
17:05:27	413.9	427.6	417.2	-270.1	-270.1
17:05:28	413.9	427.6	417.2	-270.1	-270.1
17:05:29	413.9	427.6	417.2	-270.1	-270.1
17:05:30	413.9	427.6	417.2	-270.1	-270.1
17:05:31	413.8	427.5	417.2	-270.1	-270.1
17:05:32	413.8	427.5	417.2	-270.1	-270.1
17:05:33	413.9	427.6	417.2	-270.1	-270.1
17:05:34	413.8	427.6	417.2	-270.1	-270.1
17:05:35	413.9	427.6	417.2	-270.1	-270.1
17:05:36	413.8	427.6	417.2	-270.1	-270.1
17:05:37	413.8	427.6	417.2	-270.1	-270.1
17:05:38	413.8	427.6	417.2	-270.1	-270.1
17:05:39	413.9	427.6	417.2	-270.1	-270.1
17:05:40	413.9	427.7	417.2	-270.1	-270.1
17:05:41	413.9	427.7	417.3	-270.1	-270.1
17:05:42	413.9	427.7	417.3	-270.1	-270.1
17:05:43	413.8	427.6	417.3	-270.1	-270.1
17:05:44	413.8	427.6	417.2	-270.1	-270.1
17:05:45	413.9	427.6	417.1	-270.1	-270.1
17:05:46	413.9	427.7	417.2	-270.1	-270.1
17:05:47	413.9	427.7	417.1	-270.1	-270.1
17:05:48	413.9	427.7	417	-270.1	-270.1
17:05:49	413.8	427.7	417	-270.1	-270.1
17:05:50	413.8	427.6	416.9	-270.1	-270.1
17:05:51	413.9	427.6	417	-270.1	-270.1
17:05:52	413.9	427.7	417	-270.1	-270.1
17:05:53	413.8	427.7	417.1	-270.1	-270.1
17:05:54	413.9	427.7	417.1	-270.1	-270.1
17:05:55	413.9	427.7	417.1	-270.1	-270.1
17:05:56	413.9	427.7	417.1	-270.1	-270.1
17:05:57	413.9	427.7	417.1	-270.1	-270.1
17:05:58	413.9	427.7	417.1	-270.1	-270.1
17:05:59	413.9	427.7	417.1	-270.1	-270.1
17:06:00	413.9	427.7	417.2	-270.1	-270.1
17:06:01	413.8	427.7	417.2	-270.1	-270.1
17:06:02	413.8	427.6	417.1	-270.1	-270.1
17:06:03	413.8	427.7	417.1	-270.1	-270.1
17:06:04	413.9	427.7	417.2	-270.1	-270.1
17:06:05	413.8	427.7	417.2	-270.1	-270.1
17:06:06	413.8	427.6	417.2	-270.1	-270.1
17:06:07	413.8	427.6	417.2	-270.1	-270.1
17:06:08	413.8	427.7	417.3	-270.1	-270.1
17:06:09	413.8	427.6	417.2	-270.1	-270.1
17:06:10	413.8	427.6	417.3	-270.1	-270.1
17:06:11	413.8	427.7	417.3	-270.1	-270.1
17:06:12	413.8	427.7	417.3	-270.1	-270.1
17:06:13	413.8	427.7	417.3	-270.1	-270.1
17:06:14	413.8	427.7	417.3	-270.1	-270.1
17:06:15	413.8	427.6	417.2	-270.1	-270.1
17:06:16	413.8	427.6	417.2	-270.1	-270.1
17:06:17	413.8	427.6	417.2	-270.1	-270.1
17:06:18	413.8	427.6	417.2	-270.1	-270.1
17:06:19	413.8	427.6	417.2	-270.1	-270.1
17:06:20	413.8	427.6	417.2	-270.1	-270.1
17:06:21	413.8	427.6	417.2	-270.1	-270.1
17:06:22	413.8	427.6	417.2	-270.1	-270.1
17:06:23	413.8	427.6	417.2	-270.1	-270.1
17:06:24	413.8	427.6	417.2	-270.1	-270.1
17:06:25	413.9	427.7	417.3	-270.1	-270.1
17:06:26	413.9	427.7	417.3	-270.1	-270.1
17:06:27	413.9	427.7	417.3	-270.1	-270.1
17:06:28	413.9	427.7	417.3	-270.1	-270.1
17:06:29	413.8	427.6	417.3	-270.1	-270.1
17:06:31	413.8	427.6	417.3	-270.1	-270.1
17:06:33	413.8	427.6	417.3	-270.1	-270.1
17:06:35	413.8	427.6	417.3	-270.1	-270.1
17:06:36	413.8	427.6	417.4	-270.1	-270.1
17:06:37	413.8	427.6	417.4	-270.1	-270.1
17:06:38	413.8	427.6	417.4	-270.1	-270.1
17:06:39	413.8	427.6	417.4	-270.1	-270.1
17:06:40	413.8	427.6	417.4	-270.1	-270.1
17:06:41	413.8	427.6	417.4	-270.1	-270.1
17:06:42	413.8	427.6	417.4	-270.1	-270.1
17:06:43	413.8	427.6	417.4	-270.1	-270.1
17:06:44	413.8	427.6	417.4	-270.1	-270.1
17:06:45	413.8	427.6	417.4	-270.1	-270.1
17:06:46	413.8	427.6	417.4	-270.1	-270.1
17:06:47	413.8	427.6	417.4	-270.1	-270.1
17:06:48	413.8	427.6	417.4	-270.1	-270.1
17:06:49	413.8	427.6	417.4	-270.1	-270.1
17:06:50	413.8	427.6	417.4	-270.1	-270.1
17:06:51	413.8	427.6	417.4	-270.1	-270.1
17:06:52	413.8	427.6	417.4	-270.1	-270.1
17:06:53	413.8	427.6	417.4	-270.1	-270.1
17:06:54	413.7	427.6	417.4	-270.1	-270.1
17:06:55	413.7	427.6	417.4	-270.1	-270.1
17:06:56	413.7	427.6	417.4	-270.1	-270.1
17:06:57	413.7	427.6	417.4	-270.1	-270.1
17:06:58	413.7	427.6	417.4	-270.1	-270.1
17:06:59	413.7	427.6	417.4	-270.1	-270.1
17:07:00	413.7	427.6	417.4	-270.1	-270.1
17:07:01	413.7	427.6	417.4	-270.1	-270.1
17:07:02	413.7	427.6	417.4	-270.1	-270.1
17:07:03	413.7	427.6	417.4	-270.1	-270.1
17:07:04	413.7	427.6	417.4	-270.1	-270.1
17:07:05	413.7	427.6	417.4	-270.1	-270.1
17:07:06	413.7	427.6	417.4	-270.1	-270.1
17:07:07	413.7	427.6	417.4	-270.1	-270.1
17:07:08	413.7	427.6	417.4	-270.1	-270.1
17:07:09	413.7	427.6	417.4	-270.1	-270.1
17:07:10	413.7	427.6	417.5	-270.1	-270.1
17:07:11	413.7	427.6	417.5	-270.1	-270.1
17:07:12	413.7	427.6	417.5	-270.1	-270.1
17:07:13	413.7	427.6	417.5	-270.1	-270.1
17:07:14	413.7	427.6	417.5	-270.1	-270.1
17:07:15	413.7	427.6	417.5	-270.1	-270.1
17:07:16	413.7	427.6	417.4	-270.1	-270.1
17:07:17	413.7	427.6	417.4	-270.1	-270.1
17:07:18	413.7	427.7	417.4	-270.1	-270.1
17:07:19	413.7	427.7	417.4	-270.1	-270.1
17:07:20	413.7	427.6	417.3	-270.1	-270.1
17:07:21	413.7	427.7	417.3	-270.1	-270.1
17:07:22	413.7	427.6	417.3	-270.1	-270.1
17:07:23	413.7	427.7	417.3	-270.1	-270.1
17:07:24	413.7	427.7	417.3	-270.1	-270.1
17:07:25	413.7	427.7	417.3	-270.1	-270.1
17:07:26	413.7	427.7	417.3	-270.1	-270.1
17:07:27	413.7	427.7	417.3	-270.1	-270.1
17:07:28	413.7	427.7	417.3	-270.1	-270.1
17:07:29	413.7	427.7	417.3	-270.1	-270.1
17:07:30	413.7	427.7	417.3	-270.1	-270.1
17:07:31	413.7	427.7	417.3	-270.1	-270.1
17:07:32	413.7	427.7	417.3	-270.1	-270.1
17:07:33	413.8	427.7	417.3	-270.1	-270.1
17:07:34	413.8	427.7	417.3	-270.1	-270.1
17:07:35	413.8	427.7	417.3	-270.1	-270.1
17:07:36	413.8	427.7	417.3	-270.1	-270.1
17:07:37	413.8	427.7	417.3	-270.1	-270.1
17:07:38	413.8	427.8	417.3	-270.1	-270.1
17:07:39	413.8	427.7	417.3	-270.1	-270.1
17:07:40	413.8	427.8	417.3	-270.1	-270.1
17:07:41	413.8	427.8	417.3	-270.1	-270.1
17:07:42	413.8	427.8	417.3	-270.1	-270.1
17:07:43	413.8	427.8	417.3	-270.1	-270.1
17:07:44	413.8	427.8	417.3	-270.1	-270.1
17:07:45	413.8	427.8	417.2	-270.1	-270.1
17:07:46	413.8	427.8	417.2	-270.1	-270.1
17:07:47	413.8	427.8	417.2	-270.1	-270.1
17:07:48	413.8	427.8	417.1	-270.1	-270.1
17:07:49	413.8	427.8	417.2	-270.1	-270.1
17:07:50	413.8	427.8	417.2	-270.1	-270.1
17:07:51	413.8	427.8	417.2	-270.1	-270.1
17:07:52	413.8	427.8	417.2	-270.1	-270.1
17:07:53	413.8	427.8	417.2	-270.1	-270.1
17:07:54	413.8	427.8	417.2	-270.1	-270.1
17:07:55	413.8	427.8	417.2	-270.1	-270.1
17:07:56	413.8	427.8	417.2	-270.1	-270.1
17:07:57	413.9	427.8	417.2	-270.1	-270.1
17:07:58	413.9	427.8	417.3	-270.1	-270.1
17:07:59	413.8	427.8	417.3	-270.1	-270.1
17:08:00	413.8	427.8	417.2	-270.1	-270.1
17:08:01	413.8	427.8	417.3	-270.1	-270.1
17:08:02	413.8	427.8	417.3	-270.1	-270.1
17:08:03	413.8	427.8	417.3	-270.1	-270.1
17:08:04	413.8	427.8	417.2	-270.1	-270.1
17:08:05	413.8	427.8	417.2	-270.1	-270.1
17:08:06	413.8	427.8	417.3	-270.1	-270.1
17:08:07	413.9	427.7	417.3	-270.1	-270.1
17:08:08	413.9	427.7	417.3	-270.1	-270.1
17:08:09	413.9	427.7	417.3	-270.1	-270.1
17:08:10	413.9	427.7	417.3	-270.1	-270.1
17:08:11	413.9	427.7	417.3	-270.1	-270.1
17:08:12	413.9	427.7	417.3	-270.1	-270.1
17:08:13	413.9	427.7	417.3	-270.1	-270.1
17:08:14	413.9	427.7	417.3	-270.1	-270.1
17:08:15	413.9	427.7	417.3	-270.1	-270.1
17:08:16	413.9	427.7	417.4	-270.1	-270.1
17:08:17	413.9	427.7	417.4	-270.1	-270.1
17:08:18	413.9	427.7	417.4	-270.1	-270.1
17:08:19	413.9	427.7	417.4	-270.1	-270.1
17:08:20	413.9	427.7	417.4	-270.1	-270.1
17:08:21	413.9	427.7	417.4	-270.1	-270.1
17:08:22	413.9	427.7	417.5	-270.1	-270.1
17:08:23	413.9	427.7	417.5	-270.1	-270.1
17:08:24	413.9	427.6	417.5	-270.1	-270.1
17:08:25	413.9	427.6	417.5	-270.1	-270.1
17:08:26	413.9	427.6	417.5	-270.1	-270.1
17:08:27	413.9	427.6	417.5	-270.1	-270.1
17:08:28	413.9	427.6	417.5	-270.1	-270.1
17:08:29	413.9	427.6	417.5	-270.1	-270.1
17:08:30	413.9	427.6	417.4	-270.1	-270.1
17:08:31	413.9	427.6	417.4	-270.1	-270.1
17:08:32	413.9	427.6	417.4	-270.1	-270.1
17:08:33	413.9	427.6	417.4	-270.1	-270.1
17:08:34	413.9	427.7	417.4	-270.1	-270.1
17:08:35	413.9	427.6	417.4	-270.1	-270.1
17:08:36	413.8	427.7	417.4	-270.1	-270.1
17:08:37	413.8	427.7	417.4	-270.1	-270.1
17:08:38	413.8	427.7	417.4	-270.1	-270.1
17:08:39	413.8	427.7	417.4	-270.1	-270.1
17:08:40	413.8	427.7	417.4	-270.1	-270.1
17:08:41	413.8	427.7	417.4	-270.1	-270.1
17:08:42	413.8	427.7	417.4	-270.1	-270.1
17:08:43	413.8	427.7	417.4	-270.1	-270.1
17:08:44	413.8	427.7	417.4	-270.1	-270.1
17:08:45	413.8	427.7	417.4	-270.1	-270.1
17:08:46	413.8	427.7	417.3	-270.1	-270.1
17:08:47	413.8	427.7	417.3	-270.1	-270.1
17:08:48	413.8	427.7	417.3	-270.1	-270.1
17:08:49	413.8	427.7	417.3	-270.1	-270.1
17:08:50	413.8	427.7	417.3	-270.1	-270.1
17:08:51	413.8	427.7	417.3	-270.1	-270.1
17:08:52	413.8	427.7	417.3	-270.1	-270.1
统计于2017年08月08日17时08分55秒					
